VV 0 0.0 3.5244081020355225
VV 0 0.0 3.5244081020355225
VV 0 0.0 3.5244081020355225
VV 0 0.0 3.5244081020355225
VV 0 0.0 3.5244081020355225
VV 0 0.0 3.5244081020355225
VV 0 0.0 3.5244081020355225
VV 0 0.0 3.5244081020355225
VV 0 0.0 3.5244081020355225
VV 0 0.0 3.5244081020355225
VV 0 0.0 3.5244081020355225
VV 0 0.0 3.5244081020355225
VV 0 0.0 3.5244081020355225
VV 0 0.0 3.5244081020355225
VV 0 0.0 3.5244081020355225
VV 0 0.0 3.5244081020355225
VV 0 0.0 3.5244081020355225
VV 0 0.0 3.5244081020355225
VV 0 0.0 3.5244081020355225
VV 0 0.0 3.5244081020355225
VV 0 0.0 3.5244081020355225
VV 0 0.0 3.5244081020355225
VV 0 0.0 3.5244081020355225
VV 0 0.0 3.5244081020355225
VV 0 0.0 3.5244081020355225
VV 0 0.0 3.5244081020355225
VV 0 0.0 3.5244081020355225
VV 0 0.0 3.5244081020355225
VV 0 0.0 3.5244081020355225
VV 0 0.0 3.5244081020355225
VV 0 0.0 3.5244081020355225
VV 0 0.0 3.5244081020355225
VV 0 0.0 3.5244081020355225
VV 0 0.0 3.5244081020355225
VV 0 0.0 3.5244081020355225
VV 0 0.0 3.5244081020355225
VV 0 0.0 3.5244081020355225
VV 0 0.0 3.5244081020355225
VV 0 0.0 3.5244081020355225
VV 0 0.0 3.5244081020355225
VV 0 0.0 4.375816345214844
VV 0 0.0 4.375816345214844
VV 0 0.0 4.375816345214844
VV 0 0.0 4.375816345214844
VV 0 0.0 inf
VV 1 3.5244081020355225 4.375816345214844
VV 1 3.5244081020355225 4.375816345214844
VV 1 3.5244081020355225 4.375816345214844
VV 1 3.5244081020355225 4.375816345214844
VV 1 3.5244081020355225 4.375816345214844
VV 1 3.5244081020355225 4.375816345214844
VV 1 3.5244081020355225 4.375816345214844
VV 1 3.5244081020355225 4.375816345214844
VV 1 3.5244081020355225 4.375816345214844
VV 1 3.5244081020355225 4.375816345214844
VV 1 3.5244081020355225 4.375816345214844
VV 1 3.5244081020355225 4.375816345214844
VV 1 3.5244081020355225 4.375816345214844
VV 1 3.5244081020355225 4.375816345214844
VV 1 3.5244081020355225 4.375816345214844
VV 1 3.5244081020355225 4.375816345214844
VV 1 3.5244081020355225 4.375816345214844
VV 1 3.5244081020355225 4.375816345214844
VV 1 3.5244081020355225 4.375816345214844
VV 1 3.5244081020355225 4.375816345214844
VV 2 4.375816345214844 4.9842658042907715
VV 2 4.375816345214844 4.9842658042907715
VV 2 4.375816345214844 4.9842658042907715
VV 2 4.375816345214844 4.9842658042907715
VV 2 4.375816345214844 4.9842658042907715
VV 2 4.375816345214844 4.9842658042907715
VV 2 4.375816345214844 4.9842658042907715
VV 2 4.375816345214844 4.9842658042907715
VV 2 4.375816345214844 4.9842658042907715
VV 2 4.375816345214844 4.9842658042907715
VV 2 4.375816345214844 4.9842658042907715
VV 2 4.375816345214844 4.9842658042907715
VNi 0 0.0 0.2299269288778305
VNi 0 0.0 0.2299269288778305
VNi 0 0.0 0.2299269288778305
VNi 0 0.0 0.2299269288778305
VNi 0 0.0 0.2299269288778305
VNi 0 0.0 0.2299269288778305
VNi 0 0.0 0.2299269288778305
VNi 0 0.0 0.2299269288778305
VNi 0 0.0 0.2299269288778305
VNi 0 0.0 0.2299269288778305
VNi 0 0.0 0.2299269288778305
VNi 0 0.0 0.2299269288778305
VNi 0 0.0 0.7994414567947388
VNi 0 0.0 0.7994414567947388
VNi 0 0.0 0.7994414567947388
VNi 0 0.0 0.7994414567947388
VNi 0 0.0 0.7994414567947388
VNi 0 0.0 0.7994414567947388
VNi 0 0.0 0.7994414567947388
VNi 0 0.0 0.7994414567947388
VNi 0 0.0 0.7994414567947388
VNi 0 0.0 0.7994414567947388
VNi 0 0.0 0.7994414567947388
VNi 0 0.0 0.7994414567947388
VNi 0 0.0 0.7994414567947388
VNi 0 0.0 0.7994414567947388
VNi 0 0.0 0.7994414567947388
VNi 0 0.0 0.7994414567947388
VNi 0 0.0 0.7994414567947388
VNi 0 0.0 0.7994414567947388
VNi 0 0.0 0.7994414567947388
VNi 0 0.0 0.7994414567947388
VNi 0 0.0 0.7994414567947388
VNi 0 0.0 0.7994414567947388
VNi 0 0.0 0.7994414567947388
VNi 0 0.0 0.7994414567947388
VNi 0 0.0 0.9561010599136353
VNi 0 0.0 1.741215705871582
VNi 0 0.0 1.741215705871582
VNi 0 0.0 1.741215705871582
VNi 0 0.0 1.741215705871582
VNi 0 0.0 1.741215705871582
VNi 0 0.0 1.741215705871582
VNi 0 0.0 1.741215705871582
VNi 0 0.0 1.741215705871582
VNi 0 0.0 1.741215705871582
VNi 0 0.0 1.741215705871582
VNi 0 0.0 1.741215705871582
VNi 0 0.0 1.741215705871582
VNi 0 0.0 1.7715684175491333
VNi 0 0.0 1.7715684175491333
VNi 0 0.0 1.7715684175491333
VNi 0 0.0 1.7715684175491333
VNi 0 0.0 1.7715684175491333
VNi 0 0.0 1.7715684175491333
VNi 0 0.0 1.7715684175491333
VNi 0 0.0 1.7715684175491333
VNi 0 0.0 1.8010387420654297
VNi 0 0.0 1.8010387420654297
VNi 0 0.0 1.8010387420654297
VNi 0 0.0 1.8010387420654297
VNi 0 0.0 2.608144998550415
VNi 0 0.0 2.608144998550415
VNi 0 0.0 2.608144998550415
VNi 0 0.0 2.608144998550415
VNi 0 0.0 2.608144998550415
VNi 0 0.0 2.608144998550415
VNi 0 0.0 2.608144998550415
VNi 0 0.0 2.608144998550415
VNi 0 0.0 2.608144998550415
VNi 0 0.0 2.608144998550415
VNi 0 0.0 2.608144998550415
VNi 0 0.0 2.608144998550415
VNi 0 0.0 2.608144998550415
VNi 0 0.0 2.6229405403137207
VNi 0 0.0 2.6229405403137207
VNi 0 0.0 2.6229405403137207
VNi 0 0.0 2.6229405403137207
VNi 0 0.0 2.6229405403137207
VNi 0 0.0 2.6229405403137207
VNi 0 0.0 2.6229405403137207
VNi 0 0.0 2.6229405403137207
VNi 0 0.0 2.6229405403137207
VNi 0 0.0 2.6229405403137207
VNi 0 0.0 2.76947021484375
VNi 0 0.0 2.76947021484375
VNi 0 0.0 2.76947021484375
VNi 0 0.0 2.7954251766204834
VNi 0 0.0 2.7954251766204834
VNi 0 0.0 2.7954251766204834
VNi 0 0.0 2.7954251766204834
VNi 0 0.0 2.7954251766204834
VNi 0 0.0 2.7954251766204834
VNi 0 0.0 2.7954251766204834
VNi 0 0.0 2.7954251766204834
VNi 0 0.0 3.021925210952759
VNi 0 0.0 3.021925210952759
VNi 0 0.0 3.5125701427459717
VNi 0 0.0 3.5125701427459717
VNi 0 0.0 3.5125701427459717
VNi 0 0.0 3.5125701427459717
VNi 0 0.0 3.5244081020355225
VNi 0 0.0 3.5244081020355225
VNi 0 0.0 3.5244081020355225
VNi 0 0.0 3.5244081020355225
VNi 0 0.0 3.5244081020355225
VNi 0 0.0 3.5244081020355225
VNi 0 0.0 3.5244081020355225
VNi 0 0.0 3.5244081020355225
VNi 0 0.0 3.5244081020355225
VNi 0 0.0 3.7878177165985107
VNi 0 0.0 inf
VNi 1 4.270265102386475 4.354029655456543
VNi 1 3.9019970893859863 3.9934935569763184
VNi 1 3.9019970893859863 3.9934935569763184
VNi 1 3.9019970893859863 3.9934935569763184
VNi 1 3.5244081020355225 3.842879056930542
VNi 1 3.5244081020355225 3.842879056930542
VNi 1 3.5244081020355225 4.375816345214844
VNi 1 3.5244081020355225 3.842879056930542
VNi 1 3.5244081020355225 3.842879056930542
VNi 1 3.5244081020355225 3.842879056930542
VNi 1 3.5244081020355225 4.375816345214844
VNi 1 3.5244081020355225 3.842879056930542
VNi 1 3.5244081020355225 3.842879056930542
VNi 1 3.5244081020355225 3.904489040374756
VNi 1 3.5244081020355225 3.562382221221924
VNi 1 3.5125701427459717 3.842879056930542
VNi 1 3.5125701427459717 3.842879056930542
VNi 1 3.1721744537353516 3.562382221221924
VNi 1 3.122363805770874 3.562382221221924
VNi 1 3.122363805770874 3.5244081020355225
VNi 1 3.122363805770874 3.5244081020355225
VNi 1 3.021925210952759 3.7878177165985107
VNi 1 3.021925210952759 3.7878177165985107
VNi 1 3.021925210952759 3.7878177165985107
VNi 1 3.021925210952759 3.562382221221924
VNi 1 3.021925210952759 3.562382221221924
VNi 1 3.021925210952759 3.562382221221924
VNi 1 3.021925210952759 3.6448590755462646
VNi 1 3.021925210952759 3.562382221221924
VNi 1 3.021925210952759 3.6448590755462646
VNi 1 3.021925210952759 3.6448590755462646
VNi 1 3.021925210952759 3.562382221221924
VNi 1 3.021925210952759 3.6448590755462646
VNi 1 3.021925210952759 3.6448590755462646
VNi 1 2.8695921897888184 3.842879056930542
VNi 1 2.8695921897888184 3.904489040374756
VNi 1 2.8695921897888184 3.904489040374756
VNi 1 2.8695921897888184 3.5244081020355225
VNi 1 2.8695921897888184 3.5244081020355225
VNi 1 2.8695921897888184 3.5244081020355225
VNi 1 2.8695921897888184 3.5244081020355225
VNi 1 2.8695921897888184 3.5244081020355225
VNi 1 2.8695921897888184 3.5244081020355225
VNi 1 2.6229405403137207 3.5244081020355225
VNi 1 2.6229405403137207 3.5244081020355225
VNi 1 2.6229405403137207 3.5244081020355225
VNi 1 2.6229405403137207 3.5244081020355225
VNi 2 4.375816345214844 4.597099781036377
VNi 2 4.375816345214844 4.9842658042907715
VNi 2 4.375816345214844 4.9842658042907715
VNi 2 4.375816345214844 4.597099781036377
VNi 2 4.375816345214844 4.597099781036377
VNi 2 4.375816345214844 4.5622172355651855
VNi 2 4.375816345214844 4.5622172355651855
VNi 2 4.375816345214844 4.4010233879089355
VNi 2 4.375816345214844 4.4010233879089355
VNi 2 4.301315784454346 4.367194652557373
VNi 2 4.044732093811035 4.336325168609619
VNi 2 4.044732093811035 4.336325168609619
VNi 2 3.904489040374756 4.597099781036377
VNi 2 3.842879056930542 4.336325168609619
VNi 2 3.842879056930542 4.336325168609619
VNi 2 3.842879056930542 4.336325168609619
VNi 2 3.6448590755462646 4.336325168609619
NiV 0 0.0 0.2299269288778305
NiV 0 0.0 0.2299269288778305
NiV 0 0.0 0.2299269288778305
NiV 0 0.0 0.2299269288778305
NiV 0 0.0 0.2299269288778305
NiV 0 0.0 0.2299269288778305
NiV 0 0.0 0.2299269288778305
NiV 0 0.0 0.2299269288778305
NiV 0 0.0 0.2299269288778305
NiV 0 0.0 0.2299269288778305
NiV 0 0.0 0.2299269288778305
NiV 0 0.0 0.2299269288778305
NiV 0 0.0 0.2299269288778305
NiV 0 0.0 0.2299269288778305
NiV 0 0.0 0.2299269288778305
NiV 0 0.0 0.2299269288778305
NiV 0 0.0 0.2299269288778305
NiV 0 0.0 0.2299269288778305
NiV 0 0.0 0.2299269288778305
NiV 0 0.0 0.2299269288778305
NiV 0 0.0 0.2299269288778305
NiV 0 0.0 0.2299269288778305
NiV 0 0.0 0.7994414567947388
NiV 0 0.0 0.7994414567947388
NiV 0 0.0 0.7994414567947388
NiV 0 0.0 0.7994414567947388
NiV 0 0.0 0.7994414567947388
NiV 0 0.0 0.7994414567947388
NiV 0 0.0 0.7994414567947388
NiV 0 0.0 0.7994414567947388
NiV 0 0.0 0.7994414567947388
NiV 0 0.0 0.7994414567947388
NiV 0 0.0 0.7994414567947388
NiV 0 0.0 0.7994414567947388
NiV 0 0.0 0.7994414567947388
NiV 0 0.0 0.7994414567947388
NiV 0 0.0 0.7994414567947388
NiV 0 0.0 0.7994414567947388
NiV 0 0.0 0.7994414567947388
NiV 0 0.0 0.7994414567947388
NiV 0 0.0 0.7994414567947388
NiV 0 0.0 0.7994414567947388
NiV 0 0.0 0.7994414567947388
NiV 0 0.0 0.7994414567947388
NiV 0 0.0 0.7994414567947388
NiV 0 0.0 0.7994414567947388
NiV 0 0.0 0.7994414567947388
NiV 0 0.0 0.7994414567947388
NiV 0 0.0 0.7994414567947388
NiV 0 0.0 0.7994414567947388
NiV 0 0.0 0.7994414567947388
NiV 0 0.0 0.7994414567947388
NiV 0 0.0 0.7994414567947388
NiV 0 0.0 0.7994414567947388
NiV 0 0.0 0.7994414567947388
NiV 0 0.0 0.7994414567947388
NiV 0 0.0 0.7994414567947388
NiV 0 0.0 0.7994414567947388
NiV 0 0.0 0.7994414567947388
NiV 0 0.0 0.9561010599136353
NiV 0 0.0 0.9561010599136353
NiV 0 0.0 0.9561010599136353
NiV 0 0.0 1.741215705871582
NiV 0 0.0 1.741215705871582
NiV 0 0.0 1.741215705871582
NiV 0 0.0 1.741215705871582
NiV 0 0.0 1.741215705871582
NiV 0 0.0 1.741215705871582
NiV 0 0.0 1.741215705871582
NiV 0 0.0 1.741215705871582
NiV 0 0.0 1.741215705871582
NiV 0 0.0 1.741215705871582
NiV 0 0.0 1.741215705871582
NiV 0 0.0 1.741215705871582
NiV 0 0.0 1.741215705871582
NiV 0 0.0 1.741215705871582
NiV 0 0.0 1.741215705871582
NiV 0 0.0 1.741215705871582
NiV 0 0.0 1.741215705871582
NiV 0 0.0 1.741215705871582
NiV 0 0.0 1.741215705871582
NiV 0 0.0 1.741215705871582
NiV 0 0.0 1.741215705871582
NiV 0 0.0 1.741215705871582
NiV 0 0.0 1.741215705871582
NiV 0 0.0 1.7715684175491333
NiV 0 0.0 2.608144998550415
NiV 0 0.0 2.608144998550415
NiV 0 0.0 2.608144998550415
NiV 0 0.0 2.608144998550415
NiV 0 0.0 2.608144998550415
NiV 0 0.0 2.608144998550415
NiV 0 0.0 2.608144998550415
NiV 0 0.0 2.608144998550415
NiV 0 0.0 2.608144998550415
NiV 0 0.0 2.608144998550415
NiV 0 0.0 2.608144998550415
NiV 0 0.0 2.608144998550415
NiV 0 0.0 2.608144998550415
NiV 0 0.0 2.608144998550415
NiV 0 0.0 2.608144998550415
NiV 0 0.0 2.608144998550415
NiV 0 0.0 2.608144998550415
NiV 0 0.0 2.608144998550415
NiV 0 0.0 2.608144998550415
NiV 0 0.0 2.608144998550415
NiV 0 0.0 2.6229405403137207
NiV 0 0.0 2.6229405403137207
NiV 0 0.0 2.6229405403137207
NiV 0 0.0 2.6229405403137207
NiV 0 0.0 2.6229405403137207
NiV 0 0.0 2.6229405403137207
NiV 0 0.0 2.6229405403137207
NiV 0 0.0 2.6229405403137207
NiV 0 0.0 2.6229405403137207
NiV 0 0.0 2.6229405403137207
NiV 0 0.0 2.6229405403137207
NiV 0 0.0 2.6229405403137207
NiV 0 0.0 2.6229405403137207
NiV 0 0.0 2.76947021484375
NiV 0 0.0 2.76947021484375
NiV 0 0.0 2.76947021484375
NiV 0 0.0 2.76947021484375
NiV 0 0.0 2.76947021484375
NiV 0 0.0 2.76947021484375
NiV 0 0.0 2.76947021484375
NiV 0 0.0 2.76947021484375
NiV 0 0.0 2.76947021484375
NiV 0 0.0 2.76947021484375
NiV 0 0.0 2.7954251766204834
NiV 0 0.0 3.021925210952759
NiV 0 0.0 3.021925210952759
NiV 0 0.0 3.122363805770874
NiV 0 0.0 3.122363805770874
NiV 0 0.0 3.5125701427459717
NiV 0 0.0 3.5125701427459717
NiV 0 0.0 3.5125701427459717
NiV 0 0.0 3.5125701427459717
NiV 0 0.0 3.5125701427459717
NiV 0 0.0 3.5125701427459717
NiV 0 0.0 3.5244081020355225
NiV 0 0.0 3.5244081020355225
NiV 0 0.0 inf
NiV 1 4.270265102386475 4.354029655456543
NiV 1 4.270265102386475 4.354029655456543
NiV 1 4.270265102386475 4.354029655456543
NiV 1 3.9019970893859863 3.9934935569763184
NiV 1 3.9019970893859863 3.9934935569763184
NiV 1 3.9019970893859863 3.9934935569763184
NiV 1 3.9019970893859863 3.9934935569763184
NiV 1 3.9019970893859863 3.9934935569763184
NiV 1 3.9019970893859863 3.9934935569763184
NiV 1 3.9019970893859863 3.9934935569763184
NiV 1 3.9019970893859863 3.9934935569763184
NiV 1 3.9019970893859863 3.9934935569763184
NiV 1 3.9019970893859863 3.9934935569763184
NiV 1 3.7878177165985107 3.842879056930542
NiV 1 3.5244081020355225 4.375816345214844
NiV 1 3.5244081020355225 3.562382221221924
NiV 1 3.5244081020355225 3.562382221221924
NiV 1 3.5244081020355225 4.301315784454346
NiV 1 3.5244081020355225 3.562382221221924
NiV 1 3.5244081020355225 3.562382221221924
NiV 1 3.5244081020355225 3.562382221221924
NiV 1 3.5244081020355225 3.562382221221924
NiV 1 3.5125701427459717 3.842879056930542
NiV 1 3.5125701427459717 4.375816345214844
NiV 1 3.5125701427459717 3.842879056930542
NiV 1 3.5125701427459717 3.842879056930542
NiV 1 3.5125701427459717 4.375816345214844
NiV 1 3.5125701427459717 3.842879056930542
NiV 1 3.5125701427459717 3.842879056930542
NiV 1 3.5125701427459717 3.842879056930542
NiV 1 3.1721744537353516 3.562382221221924
NiV 1 3.122363805770874 3.562382221221924
NiV 1 3.122363805770874 3.6448590755462646
NiV 1 3.122363805770874 3.562382221221924
NiV 1 3.122363805770874 3.6448590755462646
NiV 1 3.021925210952759 3.6448590755462646
NiV 1 3.021925210952759 3.562382221221924
NiV 1 3.021925210952759 3.562382221221924
NiV 1 3.021925210952759 3.562382221221924
NiV 1 3.021925210952759 3.562382221221924
NiV 1 3.021925210952759 3.562382221221924
NiV 1 3.021925210952759 3.6448590755462646
NiV 1 3.021925210952759 3.562382221221924
NiV 1 3.021925210952759 3.6448590755462646
NiV 1 3.021925210952759 3.6448590755462646
NiV 1 2.8096983432769775 3.5244081020355225
NiV 1 2.8096983432769775 3.5244081020355225
NiV 1 2.6229405403137207 3.5244081020355225
NiV 1 2.6229405403137207 3.5244081020355225
NiV 1 2.6229405403137207 3.5244081020355225
NiV 1 2.6229405403137207 3.5244081020355225
NiV 1 2.6229405403137207 3.5244081020355225
NiV 1 2.6229405403137207 3.5244081020355225
NiV 1 2.6229405403137207 3.5244081020355225
NiV 1 2.6229405403137207 3.5244081020355225
NiV 1 2.6229405403137207 3.5244081020355225
NiV 1 2.6229405403137207 3.5244081020355225
NiV 1 2.6229405403137207 3.5244081020355225
NiV 1 2.6229405403137207 3.5244081020355225
NiV 2 4.375816345214844 4.4010233879089355
NiV 2 4.375816345214844 4.4010233879089355
NiV 2 4.375816345214844 4.4010233879089355
NiV 2 4.375816345214844 4.4010233879089355
NiV 2 4.375816345214844 4.4010233879089355
NiV 2 4.375816345214844 4.4010233879089355
NiV 2 4.375816345214844 4.4010233879089355
NiV 2 4.375816345214844 4.432158470153809
NiV 2 4.044732093811035 4.336325168609619
NiV 2 4.044732093811035 4.336325168609619
NiV 2 3.9934935569763184 4.336325168609619
NiV 2 3.866807460784912 4.336325168609619
NiV 2 3.742647171020508 4.336325168609619
NiV 2 3.6448590755462646 4.336325168609619
NiV 2 3.6448590755462646 4.336325168609619
NiV 2 3.6448590755462646 4.336325168609619
NiV 2 3.6448590755462646 4.336325168609619
NiV 2 3.6448590755462646 4.336325168609619
NiV 2 3.6448590755462646 4.336325168609619
NiNi 0 0.0 0.9561010599136353
NiNi 0 0.0 0.9561010599136353
NiNi 0 0.0 0.9561010599136353
NiNi 0 0.0 0.9561010599136353
NiNi 0 0.0 0.9561010599136353
NiNi 0 0.0 0.9561010599136353
NiNi 0 0.0 0.9561010599136353
NiNi 0 0.0 0.9561010599136353
NiNi 0 0.0 0.9561010599136353
NiNi 0 0.0 0.9561010599136353
NiNi 0 0.0 0.9561010599136353
NiNi 0 0.0 0.9561010599136353
NiNi 0 0.0 0.9561010599136353
NiNi 0 0.0 0.9561010599136353
NiNi 0 0.0 0.9561010599136353
NiNi 0 0.0 0.9561010599136353
NiNi 0 0.0 0.9561010599136353
NiNi 0 0.0 0.9561010599136353
NiNi 0 0.0 0.9561010599136353
NiNi 0 0.0 0.9561010599136353
NiNi 0 0.0 0.9561010599136353
NiNi 0 0.0 0.9561010599136353
NiNi 0 0.0 0.9561010599136353
NiNi 0 0.0 0.9561010599136353
NiNi 0 0.0 1.741215705871582
NiNi 0 0.0 1.741215705871582
NiNi 0 0.0 1.741215705871582
NiNi 0 0.0 1.741215705871582
NiNi 0 0.0 1.741215705871582
NiNi 0 0.0 1.741215705871582
NiNi 0 0.0 1.741215705871582
NiNi 0 0.0 1.741215705871582
NiNi 0 0.0 1.741215705871582
NiNi 0 0.0 1.741215705871582
NiNi 0 0.0 1.741215705871582
NiNi 0 0.0 1.741215705871582
NiNi 0 0.0 1.741215705871582
NiNi 0 0.0 1.741215705871582
NiNi 0 0.0 1.741215705871582
NiNi 0 0.0 1.741215705871582
NiNi 0 0.0 1.741215705871582
NiNi 0 0.0 1.741215705871582
NiNi 0 0.0 1.741215705871582
NiNi 0 0.0 1.741215705871582
NiNi 0 0.0 1.741215705871582
NiNi 0 0.0 1.741215705871582
NiNi 0 0.0 1.741215705871582
NiNi 0 0.0 1.7715684175491333
NiNi 0 0.0 2.608144998550415
NiNi 0 0.0 2.608144998550415
NiNi 0 0.0 2.608144998550415
NiNi 0 0.0 2.608144998550415
NiNi 0 0.0 2.608144998550415
NiNi 0 0.0 2.608144998550415
NiNi 0 0.0 2.608144998550415
NiNi 0 0.0 2.608144998550415
NiNi 0 0.0 2.608144998550415
NiNi 0 0.0 2.608144998550415
NiNi 0 0.0 2.608144998550415
NiNi 0 0.0 2.608144998550415
NiNi 0 0.0 2.608144998550415
NiNi 0 0.0 2.608144998550415
NiNi 0 0.0 2.608144998550415
NiNi 0 0.0 2.608144998550415
NiNi 0 0.0 2.608144998550415
NiNi 0 0.0 2.608144998550415
NiNi 0 0.0 2.608144998550415
NiNi 0 0.0 2.608144998550415
NiNi 0 0.0 2.6229405403137207
NiNi 0 0.0 2.6229405403137207
NiNi 0 0.0 2.6229405403137207
NiNi 0 0.0 2.6229405403137207
NiNi 0 0.0 2.6229405403137207
NiNi 0 0.0 2.6229405403137207
NiNi 0 0.0 2.6229405403137207
NiNi 0 0.0 2.6229405403137207
NiNi 0 0.0 2.6229405403137207
NiNi 0 0.0 2.6229405403137207
NiNi 0 0.0 2.6229405403137207
NiNi 0 0.0 2.6229405403137207
NiNi 0 0.0 2.6229405403137207
NiNi 0 0.0 2.8096983432769775
NiNi 0 0.0 3.122363805770874
NiNi 0 0.0 3.122363805770874
NiNi 0 0.0 3.122363805770874
NiNi 0 0.0 3.122363805770874
NiNi 0 0.0 3.5244081020355225
NiNi 0 0.0 3.5244081020355225
NiNi 0 0.0 3.5244081020355225
NiNi 0 0.0 3.5244081020355225
NiNi 0 0.0 3.5244081020355225
NiNi 0 0.0 3.5244081020355225
NiNi 0 0.0 3.5244081020355225
NiNi 0 0.0 3.5244081020355225
NiNi 0 0.0 3.5244081020355225
NiNi 0 0.0 3.5244081020355225
NiNi 0 0.0 3.5244081020355225
NiNi 0 0.0 3.5244081020355225
NiNi 0 0.0 3.5244081020355225
NiNi 0 0.0 3.5244081020355225
NiNi 0 0.0 3.562382221221924
NiNi 0 0.0 inf
NiNi 1 3.5244081020355225 4.301315784454346
NiNi 1 3.5244081020355225 3.562382221221924
NiNi 1 3.5244081020355225 4.375816345214844
NiNi 1 3.5244081020355225 4.301315784454346
NiNi 1 3.5244081020355225 4.301315784454346
NiNi 1 3.5244081020355225 4.375816345214844
NiNi 1 3.5244081020355225 4.301315784454346
NiNi 1 3.5244081020355225 4.301315784454346
NiNi 1 3.5244081020355225 4.301315784454346
NiNi 1 3.5244081020355225 4.301315784454346
NiNi 1 3.5244081020355225 3.562382221221924
NiNi 1 3.5244081020355225 3.562382221221924
NiNi 1 3.5244081020355225 3.562382221221924
NiNi 1 3.5244081020355225 3.562382221221924
NiNi 1 3.5244081020355225 3.562382221221924
NiNi 1 3.1721744537353516 3.562382221221924
NiNi 1 3.122363805770874 3.6448590755462646
NiNi 1 3.122363805770874 3.562382221221924
NiNi 1 3.122363805770874 3.562382221221924
NiNi 1 3.122363805770874 3.562382221221924
NiNi 1 3.122363805770874 3.562382221221924
NiNi 1 3.122363805770874 3.562382221221924
NiNi 1 3.122363805770874 3.562382221221924
NiNi 1 3.122363805770874 3.6448590755462646
NiNi 1 3.122363805770874 3.562382221221924
NiNi 1 3.122363805770874 3.6448590755462646
NiNi 1 3.122363805770874 3.6448590755462646
NiNi 1 3.122363805770874 3.562382221221924
NiNi 1 3.122363805770874 3.6448590755462646
NiNi 1 3.122363805770874 3.6448590755462646
NiNi 1 2.935441255569458 3.5244081020355225
NiNi 1 2.8096983432769775 3.5244081020355225
NiNi 1 2.6229405403137207 3.5244081020355225
NiNi 1 2.6229405403137207 3.5244081020355225
NiNi 1 2.6229405403137207 3.5244081020355225
NiNi 1 2.6229405403137207 3.5244081020355225
NiNi 1 2.6229405403137207 3.5244081020355225
NiNi 1 2.6229405403137207 3.5244081020355225
NiNi 1 2.6229405403137207 3.5244081020355225
NiNi 1 2.6229405403137207 3.5244081020355225
NiNi 1 2.6229405403137207 3.5244081020355225
NiNi 1 2.6229405403137207 3.5244081020355225
NiNi 1 2.6229405403137207 3.5244081020355225
NiNi 1 2.6229405403137207 3.5244081020355225
NiNi 2 4.375816345214844 4.432158470153809
NiNi 2 4.375816345214844 4.432158470153809
NiNi 2 4.375816345214844 4.9842658042907715
NiNi 2 4.375816345214844 4.432158470153809
NiNi 2 4.375816345214844 4.432158470153809
NiNi 2 4.375816345214844 4.432158470153809
NiNi 2 4.044732093811035 4.336325168609619
NiNi 2 4.044732093811035 4.336325168609619
NiNi 2 4.044732093811035 4.336325168609619
NiNi 2 3.866807460784912 4.336325168609619
NiNi 2 3.742647171020508 4.336325168609619
NiNi 2 3.6448590755462646 4.336325168609619
NiNi 2 3.6448590755462646 4.336325168609619
NiNi 2 3.6448590755462646 4.336325168609619
NiNi 2 3.6448590755462646 4.336325168609619
NiNi 2 3.6448590755462646 4.336325168609619
NiNi 2 3.6448590755462646 4.336325168609619
NiV 0 0.0 0.2299269288778305
NiV 0 0.0 0.2299269288778305
NiV 0 0.0 0.2299269288778305
NiV 0 0.0 0.2299269288778305
NiV 0 0.0 0.2299269288778305
NiV 0 0.0 0.2299269288778305
NiV 0 0.0 0.2299269288778305
NiV 0 0.0 0.2299269288778305
NiV 0 0.0 0.2299269288778305
NiV 0 0.0 0.2299269288778305
NiV 0 0.0 0.2299269288778305
NiV 0 0.0 0.2299269288778305
NiV 0 0.0 0.2299269288778305
NiV 0 0.0 0.2299269288778305
NiV 0 0.0 0.2299269288778305
NiV 0 0.0 0.2299269288778305
NiV 0 0.0 0.2299269288778305
NiV 0 0.0 0.2299269288778305
NiV 0 0.0 0.2299269288778305
NiV 0 0.0 0.2299269288778305
NiV 0 0.0 0.2299269288778305
NiV 0 0.0 0.7994414567947388
NiV 0 0.0 0.7994414567947388
NiV 0 0.0 0.7994414567947388
NiV 0 0.0 0.7994414567947388
NiV 0 0.0 0.7994414567947388
NiV 0 0.0 0.7994414567947388
NiV 0 0.0 0.7994414567947388
NiV 0 0.0 0.7994414567947388
NiV 0 0.0 0.7994414567947388
NiV 0 0.0 0.7994414567947388
NiV 0 0.0 0.7994414567947388
NiV 0 0.0 0.7994414567947388
NiV 0 0.0 0.7994414567947388
NiV 0 0.0 0.7994414567947388
NiV 0 0.0 0.7994414567947388
NiV 0 0.0 0.7994414567947388
NiV 0 0.0 0.7994414567947388
NiV 0 0.0 0.7994414567947388
NiV 0 0.0 0.7994414567947388
NiV 0 0.0 0.7994414567947388
NiV 0 0.0 0.7994414567947388
NiV 0 0.0 0.7994414567947388
NiV 0 0.0 0.7994414567947388
NiV 0 0.0 0.7994414567947388
NiV 0 0.0 0.7994414567947388
NiV 0 0.0 0.7994414567947388
NiV 0 0.0 0.7994414567947388
NiV 0 0.0 0.7994414567947388
NiV 0 0.0 0.7994414567947388
NiV 0 0.0 0.7994414567947388
NiV 0 0.0 0.7994414567947388
NiV 0 0.0 1.741215705871582
NiV 0 0.0 1.741215705871582
NiV 0 0.0 1.741215705871582
NiV 0 0.0 1.741215705871582
NiV 0 0.0 1.741215705871582
NiV 0 0.0 1.741215705871582
NiV 0 0.0 1.741215705871582
NiV 0 0.0 1.741215705871582
NiV 0 0.0 1.741215705871582
NiV 0 0.0 1.741215705871582
NiV 0 0.0 1.741215705871582
NiV 0 0.0 1.741215705871582
NiV 0 0.0 1.741215705871582
NiV 0 0.0 1.741215705871582
NiV 0 0.0 1.741215705871582
NiV 0 0.0 1.741215705871582
NiV 0 0.0 1.741215705871582
NiV 0 0.0 1.741215705871582
NiV 0 0.0 1.741215705871582
NiV 0 0.0 1.741215705871582
NiV 0 0.0 1.741215705871582
NiV 0 0.0 1.741215705871582
NiV 0 0.0 1.741215705871582
NiV 0 0.0 1.7715684175491333
NiV 0 0.0 1.7715684175491333
NiV 0 0.0 1.7715684175491333
NiV 0 0.0 1.7715684175491333
NiV 0 0.0 1.7715684175491333
NiV 0 0.0 1.7715684175491333
NiV 0 0.0 1.7715684175491333
NiV 0 0.0 1.7715684175491333
NiV 0 0.0 1.7715684175491333
NiV 0 0.0 1.7715684175491333
NiV 0 0.0 1.7715684175491333
NiV 0 0.0 1.8010387420654297
NiV 0 0.0 1.8010387420654297
NiV 0 0.0 1.8010387420654297
NiV 0 0.0 1.8010387420654297
NiV 0 0.0 2.608144998550415
NiV 0 0.0 2.608144998550415
NiV 0 0.0 2.608144998550415
NiV 0 0.0 2.608144998550415
NiV 0 0.0 2.608144998550415
NiV 0 0.0 2.608144998550415
NiV 0 0.0 2.608144998550415
NiV 0 0.0 2.608144998550415
NiV 0 0.0 2.608144998550415
NiV 0 0.0 2.608144998550415
NiV 0 0.0 2.608144998550415
NiV 0 0.0 2.608144998550415
NiV 0 0.0 2.608144998550415
NiV 0 0.0 2.608144998550415
NiV 0 0.0 2.608144998550415
NiV 0 0.0 2.608144998550415
NiV 0 0.0 2.608144998550415
NiV 0 0.0 2.608144998550415
NiV 0 0.0 2.608144998550415
NiV 0 0.0 2.608144998550415
NiV 0 0.0 2.608144998550415
NiV 0 0.0 2.608144998550415
NiV 0 0.0 2.6229405403137207
NiV 0 0.0 2.6229405403137207
NiV 0 0.0 2.6229405403137207
NiV 0 0.0 2.6229405403137207
NiV 0 0.0 2.6229405403137207
NiV 0 0.0 2.6229405403137207
NiV 0 0.0 2.6229405403137207
NiV 0 0.0 2.6229405403137207
NiV 0 0.0 2.6229405403137207
NiV 0 0.0 2.6229405403137207
NiV 0 0.0 2.6229405403137207
NiV 0 0.0 2.6229405403137207
NiV 0 0.0 2.6229405403137207
NiV 0 0.0 2.6229405403137207
NiV 0 0.0 2.6229405403137207
NiV 0 0.0 2.7954251766204834
NiV 0 0.0 2.7954251766204834
NiV 0 0.0 2.7954251766204834
NiV 0 0.0 2.7954251766204834
NiV 0 0.0 2.7954251766204834
NiV 0 0.0 2.7954251766204834
NiV 0 0.0 2.7954251766204834
NiV 0 0.0 2.7954251766204834
NiV 0 0.0 2.8096983432769775
NiV 0 0.0 2.935441255569458
NiV 0 0.0 3.021925210952759
NiV 0 0.0 3.021925210952759
NiV 0 0.0 3.021925210952759
NiV 0 0.0 3.122363805770874
NiV 0 0.0 3.1721744537353516
NiV 0 0.0 3.5244081020355225
NiV 0 0.0 3.5244081020355225
NiV 0 0.0 inf
NiV 1 3.5244081020355225 3.7878177165985107
NiV 1 3.5244081020355225 3.7878177165985107
NiV 1 3.5244081020355225 3.562382221221924
NiV 1 3.5244081020355225 3.842879056930542
NiV 1 3.5244081020355225 3.742647171020508
NiV 1 3.5244081020355225 3.562382221221924
NiV 1 3.5244081020355225 3.8380820751190186
NiV 1 3.5125701427459717 3.562382221221924
NiV 1 3.3662667274475098 3.6448590755462646
NiV 1 3.3662667274475098 3.562382221221924
NiV 1 3.1721744537353516 3.6448590755462646
NiV 1 3.1721744537353516 3.7088727951049805
NiV 1 3.122363805770874 3.5244081020355225
NiV 1 3.122363805770874 3.6448590755462646
NiV 1 3.122363805770874 3.5244081020355225
NiV 1 3.021925210952759 3.7878177165985107
NiV 1 3.021925210952759 3.7878177165985107
NiV 1 3.021925210952759 3.7878177165985107
NiV 1 3.021925210952759 3.562382221221924
NiV 1 3.021925210952759 3.562382221221924
NiV 1 3.021925210952759 3.562382221221924
NiV 1 3.021925210952759 3.562382221221924
NiV 1 3.021925210952759 3.842879056930542
NiV 1 3.021925210952759 3.562382221221924
NiV 1 3.021925210952759 3.562382221221924
NiV 1 3.021925210952759 3.6448590755462646
NiV 1 3.021925210952759 3.562382221221924
NiV 1 3.021925210952759 3.6448590755462646
NiV 1 3.021925210952759 3.562382221221924
NiV 1 3.021925210952759 3.562382221221924
NiV 1 3.021925210952759 3.6448590755462646
NiV 1 3.021925210952759 3.562382221221924
NiV 1 3.021925210952759 3.562382221221924
NiV 1 3.021925210952759 3.6448590755462646
NiV 1 3.021925210952759 3.6448590755462646
NiV 1 3.021925210952759 3.562382221221924
NiV 1 3.021925210952759 3.6448590755462646
NiV 1 3.021925210952759 3.562382221221924
NiV 1 2.8695921897888184 3.842879056930542
NiV 1 2.8695921897888184 3.842879056930542
NiV 1 2.8695921897888184 3.904489040374756
NiV 1 2.8695921897888184 3.904489040374756
NiV 1 2.8695921897888184 3.5244081020355225
NiV 1 2.8695921897888184 3.5244081020355225
NiV 1 2.8695921897888184 3.5244081020355225
NiV 1 2.8695921897888184 3.5244081020355225
NiV 1 2.8695921897888184 3.5244081020355225
NiV 1 2.8695921897888184 3.5244081020355225
NiV 1 2.8695921897888184 3.5244081020355225
NiV 1 2.8695921897888184 3.5244081020355225
NiV 1 2.6229405403137207 3.5244081020355225
NiV 1 2.6229405403137207 3.5244081020355225
NiV 1 2.6229405403137207 3.5244081020355225
NiV 1 2.6229405403137207 3.5244081020355225
NiV 1 2.6229405403137207 3.5244081020355225
NiV 1 2.6229405403137207 3.5244081020355225
NiV 1 2.6229405403137207 3.5244081020355225
NiV 1 2.6229405403137207 3.5244081020355225
NiV 1 2.6229405403137207 3.5244081020355225
NiV 1 2.6229405403137207 3.5244081020355225
NiV 2 4.375816345214844 4.597099781036377
NiV 2 4.375816345214844 4.622840881347656
NiV 2 4.375816345214844 4.817317962646484
NiV 2 4.044732093811035 4.336325168609619
NiV 2 3.904489040374756 4.597099781036377
NiV 2 3.904489040374756 4.597099781036377
NiV 2 3.842879056930542 4.336325168609619
NiV 2 3.842879056930542 4.336325168609619
NiV 2 3.842879056930542 4.336325168609619
NiV 2 3.842879056930542 4.336325168609619
NiV 2 3.842879056930542 4.336325168609619
NiV 2 3.6448590755462646 4.336325168609619
NiV 2 3.6448590755462646 4.336325168609619
NiV 2 3.6448590755462646 4.336325168609619
NiV 2 3.6448590755462646 4.336325168609619
NiNi 0 0.0 0.9561010599136353
NiNi 0 0.0 0.9561010599136353
NiNi 0 0.0 0.9561010599136353
NiNi 0 0.0 0.9561010599136353
NiNi 0 0.0 0.9561010599136353
NiNi 0 0.0 0.9561010599136353
NiNi 0 0.0 0.9561010599136353
NiNi 0 0.0 0.9561010599136353
NiNi 0 0.0 0.9561010599136353
NiNi 0 0.0 0.9561010599136353
NiNi 0 0.0 0.9561010599136353
NiNi 0 0.0 0.9561010599136353
NiNi 0 0.0 0.9561010599136353
NiNi 0 0.0 0.9561010599136353
NiNi 0 0.0 0.9561010599136353
NiNi 0 0.0 0.9561010599136353
NiNi 0 0.0 0.9561010599136353
NiNi 0 0.0 0.9561010599136353
NiNi 0 0.0 0.9561010599136353
NiNi 0 0.0 1.741215705871582
NiNi 0 0.0 1.741215705871582
NiNi 0 0.0 1.741215705871582
NiNi 0 0.0 1.741215705871582
NiNi 0 0.0 1.741215705871582
NiNi 0 0.0 1.741215705871582
NiNi 0 0.0 1.741215705871582
NiNi 0 0.0 1.741215705871582
NiNi 0 0.0 1.741215705871582
NiNi 0 0.0 1.741215705871582
NiNi 0 0.0 1.741215705871582
NiNi 0 0.0 1.741215705871582
NiNi 0 0.0 1.741215705871582
NiNi 0 0.0 1.741215705871582
NiNi 0 0.0 1.741215705871582
NiNi 0 0.0 1.741215705871582
NiNi 0 0.0 1.741215705871582
NiNi 0 0.0 1.741215705871582
NiNi 0 0.0 1.741215705871582
NiNi 0 0.0 1.741215705871582
NiNi 0 0.0 1.741215705871582
NiNi 0 0.0 1.741215705871582
NiNi 0 0.0 1.741215705871582
NiNi 0 0.0 1.7715684175491333
NiNi 0 0.0 1.7715684175491333
NiNi 0 0.0 1.7715684175491333
NiNi 0 0.0 1.7715684175491333
NiNi 0 0.0 1.7715684175491333
NiNi 0 0.0 1.7715684175491333
NiNi 0 0.0 1.7715684175491333
NiNi 0 0.0 1.7715684175491333
NiNi 0 0.0 1.7715684175491333
NiNi 0 0.0 1.7715684175491333
NiNi 0 0.0 1.7715684175491333
NiNi 0 0.0 2.608144998550415
NiNi 0 0.0 2.608144998550415
NiNi 0 0.0 2.608144998550415
NiNi 0 0.0 2.608144998550415
NiNi 0 0.0 2.608144998550415
NiNi 0 0.0 2.608144998550415
NiNi 0 0.0 2.608144998550415
NiNi 0 0.0 2.608144998550415
NiNi 0 0.0 2.608144998550415
NiNi 0 0.0 2.608144998550415
NiNi 0 0.0 2.608144998550415
NiNi 0 0.0 2.608144998550415
NiNi 0 0.0 2.608144998550415
NiNi 0 0.0 2.608144998550415
NiNi 0 0.0 2.608144998550415
NiNi 0 0.0 2.608144998550415
NiNi 0 0.0 2.608144998550415
NiNi 0 0.0 2.608144998550415
NiNi 0 0.0 2.608144998550415
NiNi 0 0.0 2.608144998550415
NiNi 0 0.0 2.608144998550415
NiNi 0 0.0 2.608144998550415
NiNi 0 0.0 2.6229405403137207
NiNi 0 0.0 2.6229405403137207
NiNi 0 0.0 2.6229405403137207
NiNi 0 0.0 2.6229405403137207
NiNi 0 0.0 2.6229405403137207
NiNi 0 0.0 2.6229405403137207
NiNi 0 0.0 2.6229405403137207
NiNi 0 0.0 2.6229405403137207
NiNi 0 0.0 2.6229405403137207
NiNi 0 0.0 2.6229405403137207
NiNi 0 0.0 2.6229405403137207
NiNi 0 0.0 2.6229405403137207
NiNi 0 0.0 2.6229405403137207
NiNi 0 0.0 2.6229405403137207
NiNi 0 0.0 2.6229405403137207
NiNi 0 0.0 2.8096983432769775
NiNi 0 0.0 2.935441255569458
NiNi 0 0.0 3.122363805770874
NiNi 0 0.0 3.122363805770874
NiNi 0 0.0 3.122363805770874
NiNi 0 0.0 3.122363805770874
NiNi 0 0.0 3.1721744537353516
NiNi 0 0.0 3.5244081020355225
NiNi 0 0.0 3.5244081020355225
NiNi 0 0.0 3.5244081020355225
NiNi 0 0.0 3.5244081020355225
NiNi 0 0.0 3.5244081020355225
NiNi 0 0.0 3.5244081020355225
NiNi 0 0.0 inf
NiNi 1 3.5244081020355225 3.562382221221924
NiNi 1 3.5244081020355225 3.562382221221924
NiNi 1 3.5244081020355225 3.562382221221924
NiNi 1 3.5244081020355225 4.375816345214844
NiNi 1 3.5244081020355225 4.375816345214844
NiNi 1 3.5244081020355225 4.301315784454346
NiNi 1 3.5244081020355225 3.742647171020508
NiNi 1 3.5244081020355225 3.562382221221924
NiNi 1 3.5244081020355225 3.6448590755462646
NiNi 1 3.5244081020355225 3.593803644180298
NiNi 1 3.5244081020355225 3.8380820751190186
NiNi 1 3.1721744537353516 3.6448590755462646
NiNi 1 3.1721744537353516 3.7088727951049805
NiNi 1 3.1721744537353516 3.562382221221924
NiNi 1 3.122363805770874 3.562382221221924
NiNi 1 3.122363805770874 3.562382221221924
NiNi 1 3.122363805770874 3.562382221221924
NiNi 1 3.122363805770874 3.562382221221924
NiNi 1 3.122363805770874 4.044732093811035
NiNi 1 3.122363805770874 3.562382221221924
NiNi 1 3.122363805770874 3.562382221221924
NiNi 1 3.122363805770874 3.6448590755462646
NiNi 1 3.122363805770874 3.562382221221924
NiNi 1 3.122363805770874 3.6448590755462646
NiNi 1 3.122363805770874 3.562382221221924
NiNi 1 3.122363805770874 3.562382221221924
NiNi 1 3.122363805770874 3.6448590755462646
NiNi 1 3.122363805770874 3.562382221221924
NiNi 1 3.122363805770874 3.562382221221924
NiNi 1 3.122363805770874 3.5244081020355225
NiNi 1 3.122363805770874 3.6448590755462646
NiNi 1 3.122363805770874 3.6448590755462646
NiNi 1 3.122363805770874 3.6448590755462646
NiNi 1 3.122363805770874 3.562382221221924
NiNi 1 3.122363805770874 3.6448590755462646
NiNi 1 3.122363805770874 3.5244081020355225
NiNi 1 2.6229405403137207 3.5244081020355225
NiNi 1 2.6229405403137207 3.5244081020355225
NiNi 1 2.6229405403137207 3.5244081020355225
NiNi 1 2.6229405403137207 3.5244081020355225
NiNi 1 2.6229405403137207 3.5244081020355225
NiNi 1 2.6229405403137207 3.5244081020355225
NiNi 1 2.6229405403137207 3.5244081020355225
NiNi 1 2.6229405403137207 3.5244081020355225
NiNi 1 2.6229405403137207 3.5244081020355225
NiNi 1 2.6229405403137207 3.5244081020355225
NiNi 2 4.375816345214844 4.9842658042907715
NiNi 2 4.375816345214844 4.622840881347656
NiNi 2 4.375816345214844 4.817317962646484
NiNi 2 4.301315784454346 4.375816345214844
NiNi 2 4.301315784454346 4.375816345214844
NiNi 2 4.301315784454346 4.375816345214844
NiNi 2 4.301315784454346 4.375816345214844
NiNi 2 4.301315784454346 4.375816345214844
NiNi 2 4.301315784454346 4.375816345214844
NiNi 2 4.044732093811035 4.336325168609619
NiNi 2 4.044732093811035 4.336325168609619
NiNi 2 4.044732093811035 4.336325168609619
NiNi 2 4.044732093811035 4.336325168609619
NiNi 2 4.044732093811035 4.336325168609619
NiNi 2 4.044732093811035 4.336325168609619
NiNi 2 3.6448590755462646 4.336325168609619
NiNi 2 3.6448590755462646 4.336325168609619
NiNi 2 3.6448590755462646 4.336325168609619
NiNi 2 3.6448590755462646 4.336325168609619
NiV 0 0.0 0.2299269288778305
NiV 0 0.0 0.2299269288778305
NiV 0 0.0 0.2299269288778305
NiV 0 0.0 0.2299269288778305
NiV 0 0.0 0.2299269288778305
NiV 0 0.0 0.2299269288778305
NiV 0 0.0 0.2299269288778305
NiV 0 0.0 0.2299269288778305
NiV 0 0.0 0.2299269288778305
NiV 0 0.0 0.2299269288778305
NiV 0 0.0 0.2299269288778305
NiV 0 0.0 0.2299269288778305
NiV 0 0.0 0.2299269288778305
NiV 0 0.0 0.2299269288778305
NiV 0 0.0 0.2299269288778305
NiV 0 0.0 0.2299269288778305
NiV 0 0.0 0.2299269288778305
NiV 0 0.0 0.2299269288778305
NiV 0 0.0 0.2299269288778305
NiV 0 0.0 0.2299269288778305
NiV 0 0.0 0.2299269288778305
NiV 0 0.0 0.2299269288778305
NiV 0 0.0 0.2299269288778305
NiV 0 0.0 0.2299269288778305
NiV 0 0.0 0.2299269288778305
NiV 0 0.0 0.7994414567947388
NiV 0 0.0 0.7994414567947388
NiV 0 0.0 0.7994414567947388
NiV 0 0.0 0.7994414567947388
NiV 0 0.0 0.7994414567947388
NiV 0 0.0 0.7994414567947388
NiV 0 0.0 0.7994414567947388
NiV 0 0.0 0.7994414567947388
NiV 0 0.0 0.7994414567947388
NiV 0 0.0 0.7994414567947388
NiV 0 0.0 0.7994414567947388
NiV 0 0.0 0.7994414567947388
NiV 0 0.0 0.7994414567947388
NiV 0 0.0 0.7994414567947388
NiV 0 0.0 0.7994414567947388
NiV 0 0.0 0.7994414567947388
NiV 0 0.0 0.7994414567947388
NiV 0 0.0 0.7994414567947388
NiV 0 0.0 0.7994414567947388
NiV 0 0.0 0.7994414567947388
NiV 0 0.0 0.9561010599136353
NiV 0 0.0 0.9561010599136353
NiV 0 0.0 0.9561010599136353
NiV 0 0.0 0.9561010599136353
NiV 0 0.0 0.9561010599136353
NiV 0 0.0 0.9561010599136353
NiV 0 0.0 0.9561010599136353
NiV 0 0.0 0.9561010599136353
NiV 0 0.0 0.9561010599136353
NiV 0 0.0 0.9561010599136353
NiV 0 0.0 0.9561010599136353
NiV 0 0.0 0.9561010599136353
NiV 0 0.0 1.741215705871582
NiV 0 0.0 1.741215705871582
NiV 0 0.0 1.741215705871582
NiV 0 0.0 1.741215705871582
NiV 0 0.0 1.741215705871582
NiV 0 0.0 1.741215705871582
NiV 0 0.0 1.741215705871582
NiV 0 0.0 1.741215705871582
NiV 0 0.0 1.741215705871582
NiV 0 0.0 1.741215705871582
NiV 0 0.0 1.741215705871582
NiV 0 0.0 1.741215705871582
NiV 0 0.0 1.741215705871582
NiV 0 0.0 1.741215705871582
NiV 0 0.0 1.741215705871582
NiV 0 0.0 1.741215705871582
NiV 0 0.0 1.741215705871582
NiV 0 0.0 1.741215705871582
NiV 0 0.0 1.741215705871582
NiV 0 0.0 1.741215705871582
NiV 0 0.0 1.741215705871582
NiV 0 0.0 1.741215705871582
NiV 0 0.0 1.741215705871582
NiV 0 0.0 1.741215705871582
NiV 0 0.0 1.741215705871582
NiV 0 0.0 1.741215705871582
NiV 0 0.0 1.741215705871582
NiV 0 0.0 1.7715684175491333
NiV 0 0.0 1.7715684175491333
NiV 0 0.0 2.608144998550415
NiV 0 0.0 2.608144998550415
NiV 0 0.0 2.608144998550415
NiV 0 0.0 2.608144998550415
NiV 0 0.0 2.608144998550415
NiV 0 0.0 2.608144998550415
NiV 0 0.0 2.608144998550415
NiV 0 0.0 2.608144998550415
NiV 0 0.0 2.608144998550415
NiV 0 0.0 2.608144998550415
NiV 0 0.0 2.608144998550415
NiV 0 0.0 2.608144998550415
NiV 0 0.0 2.608144998550415
NiV 0 0.0 2.608144998550415
NiV 0 0.0 2.608144998550415
NiV 0 0.0 2.608144998550415
NiV 0 0.0 2.608144998550415
NiV 0 0.0 2.608144998550415
NiV 0 0.0 2.608144998550415
NiV 0 0.0 2.608144998550415
NiV 0 0.0 2.608144998550415
NiV 0 0.0 2.608144998550415
NiV 0 0.0 2.608144998550415
NiV 0 0.0 2.6229405403137207
NiV 0 0.0 2.6229405403137207
NiV 0 0.0 2.6229405403137207
NiV 0 0.0 2.6229405403137207
NiV 0 0.0 2.6229405403137207
NiV 0 0.0 2.6229405403137207
NiV 0 0.0 2.6229405403137207
NiV 0 0.0 2.6229405403137207
NiV 0 0.0 2.6229405403137207
NiV 0 0.0 2.6229405403137207
NiV 0 0.0 2.7954251766204834
NiV 0 0.0 2.8096983432769775
NiV 0 0.0 2.8096983432769775
NiV 0 0.0 2.8096983432769775
NiV 0 0.0 2.8096983432769775
NiV 0 0.0 2.935441255569458
NiV 0 0.0 2.935441255569458
NiV 0 0.0 3.021925210952759
NiV 0 0.0 3.021925210952759
NiV 0 0.0 3.021925210952759
NiV 0 0.0 3.1721744537353516
NiV 0 0.0 3.3662667274475098
NiV 0 0.0 3.3662667274475098
NiV 0 0.0 3.3662667274475098
NiV 0 0.0 3.3662667274475098
NiV 0 0.0 3.3662667274475098
NiV 0 0.0 3.3662667274475098
NiV 0 0.0 3.3662667274475098
NiV 0 0.0 inf
NiV 1 4.2645416259765625 4.375816345214844
NiV 1 4.2645416259765625 4.375816345214844
NiV 1 4.2645416259765625 4.375816345214844
NiV 1 4.2645416259765625 4.375816345214844
NiV 1 3.866807460784912 3.920759677886963
NiV 1 3.866807460784912 4.375816345214844
NiV 1 3.5244081020355225 3.593803644180298
NiV 1 3.5244081020355225 3.6448590755462646
NiV 1 3.5244081020355225 3.6448590755462646
NiV 1 3.5244081020355225 4.317224979400635
NiV 1 3.5244081020355225 4.317224979400635
NiV 1 3.5244081020355225 4.317224979400635
NiV 1 3.3662667274475098 3.742647171020508
NiV 1 3.3662667274475098 3.742647171020508
NiV 1 3.3662667274475098 3.742647171020508
NiV 1 3.3662667274475098 3.742647171020508
NiV 1 3.3662667274475098 3.562382221221924
NiV 1 3.3662667274475098 3.742647171020508
NiV 1 3.3662667274475098 3.742647171020508
NiV 1 3.3662667274475098 3.742647171020508
NiV 1 3.1721744537353516 3.7088727951049805
NiV 1 3.1721744537353516 3.6448590755462646
NiV 1 3.1721744537353516 3.7088727951049805
NiV 1 3.1721744537353516 3.6448590755462646
NiV 1 3.122363805770874 3.562382221221924
NiV 1 3.122363805770874 3.562382221221924
NiV 1 3.122363805770874 3.562382221221924
NiV 1 3.122363805770874 3.562382221221924
NiV 1 3.122363805770874 3.6448590755462646
NiV 1 3.122363805770874 3.562382221221924
NiV 1 3.122363805770874 3.562382221221924
NiV 1 3.122363805770874 3.562382221221924
NiV 1 3.021925210952759 3.562382221221924
NiV 1 3.021925210952759 3.562382221221924
NiV 1 3.021925210952759 3.562382221221924
NiV 1 3.021925210952759 3.6448590755462646
NiV 1 3.021925210952759 3.6448590755462646
NiV 1 3.021925210952759 3.6448590755462646
NiV 1 2.935441255569458 3.7088727951049805
NiV 1 2.8695921897888184 3.5244081020355225
NiV 1 2.6229405403137207 3.5244081020355225
NiV 1 2.6229405403137207 3.5244081020355225
NiV 1 2.6229405403137207 3.5244081020355225
NiV 1 2.6229405403137207 3.5244081020355225
NiV 1 2.6229405403137207 3.5244081020355225
NiV 1 2.6229405403137207 3.5244081020355225
NiV 1 2.6229405403137207 3.5244081020355225
NiV 1 2.6229405403137207 3.5244081020355225
NiV 1 2.6229405403137207 3.5244081020355225
NiV 1 2.6229405403137207 3.5244081020355225
NiV 2 4.375816345214844 4.432158470153809
NiV 2 4.336325168609619 4.375816345214844
NiV 2 4.336325168609619 4.375816345214844
NiV 2 4.336325168609619 4.375816345214844
NiV 2 4.317224979400635 4.432158470153809
NiV 2 4.044732093811035 4.336325168609619
NiV 2 4.044732093811035 4.336325168609619
NiV 2 4.044732093811035 4.336325168609619
NiV 2 4.044732093811035 4.336325168609619
NiV 2 4.044732093811035 4.336325168609619
NiV 2 4.044732093811035 4.336325168609619
NiV 2 4.044732093811035 4.336325168609619
NiV 2 4.044732093811035 4.336325168609619
NiV 2 4.044732093811035 4.336325168609619
NiV 2 4.044732093811035 4.336325168609619
NiV 2 3.8380820751190186 4.432158470153809
NiV 2 3.6448590755462646 4.336325168609619
NiV 2 3.6448590755462646 4.336325168609619
NiV 2 3.6448590755462646 4.336325168609619
NiV 2 3.6448590755462646 4.336325168609619
NiV 2 3.6448590755462646 4.336325168609619
NiNi 0 0.0 0.9561010599136353
NiNi 0 0.0 0.9561010599136353
NiNi 0 0.0 0.9561010599136353
NiNi 0 0.0 0.9561010599136353
NiNi 0 0.0 0.9561010599136353
NiNi 0 0.0 0.9561010599136353
NiNi 0 0.0 0.9561010599136353
NiNi 0 0.0 0.9561010599136353
NiNi 0 0.0 0.9561010599136353
NiNi 0 0.0 0.9561010599136353
NiNi 0 0.0 0.9561010599136353
NiNi 0 0.0 0.9561010599136353
NiNi 0 0.0 0.9561010599136353
NiNi 0 0.0 0.9561010599136353
NiNi 0 0.0 0.9561010599136353
NiNi 0 0.0 0.9561010599136353
NiNi 0 0.0 0.9561010599136353
NiNi 0 0.0 0.9561010599136353
NiNi 0 0.0 0.9561010599136353
NiNi 0 0.0 0.9561010599136353
NiNi 0 0.0 0.9561010599136353
NiNi 0 0.0 0.9561010599136353
NiNi 0 0.0 0.9561010599136353
NiNi 0 0.0 0.9561010599136353
NiNi 0 0.0 0.9561010599136353
NiNi 0 0.0 0.9561010599136353
NiNi 0 0.0 0.9561010599136353
NiNi 0 0.0 0.9561010599136353
NiNi 0 0.0 0.9561010599136353
NiNi 0 0.0 0.9561010599136353
NiNi 0 0.0 1.741215705871582
NiNi 0 0.0 1.741215705871582
NiNi 0 0.0 1.741215705871582
NiNi 0 0.0 1.741215705871582
NiNi 0 0.0 1.741215705871582
NiNi 0 0.0 1.741215705871582
NiNi 0 0.0 1.741215705871582
NiNi 0 0.0 1.741215705871582
NiNi 0 0.0 1.741215705871582
NiNi 0 0.0 1.741215705871582
NiNi 0 0.0 1.741215705871582
NiNi 0 0.0 1.741215705871582
NiNi 0 0.0 1.741215705871582
NiNi 0 0.0 1.741215705871582
NiNi 0 0.0 1.741215705871582
NiNi 0 0.0 1.741215705871582
NiNi 0 0.0 1.741215705871582
NiNi 0 0.0 1.741215705871582
NiNi 0 0.0 1.741215705871582
NiNi 0 0.0 1.741215705871582
NiNi 0 0.0 1.741215705871582
NiNi 0 0.0 1.741215705871582
NiNi 0 0.0 1.741215705871582
NiNi 0 0.0 1.741215705871582
NiNi 0 0.0 1.741215705871582
NiNi 0 0.0 1.741215705871582
NiNi 0 0.0 1.741215705871582
NiNi 0 0.0 1.7715684175491333
NiNi 0 0.0 1.7715684175491333
NiNi 0 0.0 2.608144998550415
NiNi 0 0.0 2.608144998550415
NiNi 0 0.0 2.608144998550415
NiNi 0 0.0 2.608144998550415
NiNi 0 0.0 2.608144998550415
NiNi 0 0.0 2.608144998550415
NiNi 0 0.0 2.608144998550415
NiNi 0 0.0 2.608144998550415
NiNi 0 0.0 2.608144998550415
NiNi 0 0.0 2.608144998550415
NiNi 0 0.0 2.608144998550415
NiNi 0 0.0 2.608144998550415
NiNi 0 0.0 2.608144998550415
NiNi 0 0.0 2.608144998550415
NiNi 0 0.0 2.608144998550415
NiNi 0 0.0 2.608144998550415
NiNi 0 0.0 2.608144998550415
NiNi 0 0.0 2.608144998550415
NiNi 0 0.0 2.608144998550415
NiNi 0 0.0 2.608144998550415
NiNi 0 0.0 2.608144998550415
NiNi 0 0.0 2.608144998550415
NiNi 0 0.0 2.608144998550415
NiNi 0 0.0 2.6229405403137207
NiNi 0 0.0 2.6229405403137207
NiNi 0 0.0 2.6229405403137207
NiNi 0 0.0 2.6229405403137207
NiNi 0 0.0 2.6229405403137207
NiNi 0 0.0 2.6229405403137207
NiNi 0 0.0 2.6229405403137207
NiNi 0 0.0 2.6229405403137207
NiNi 0 0.0 2.6229405403137207
NiNi 0 0.0 2.6229405403137207
NiNi 0 0.0 2.8096983432769775
NiNi 0 0.0 2.8096983432769775
NiNi 0 0.0 2.8096983432769775
NiNi 0 0.0 2.8096983432769775
NiNi 0 0.0 2.935441255569458
NiNi 0 0.0 2.935441255569458
NiNi 0 0.0 3.122363805770874
NiNi 0 0.0 3.122363805770874
NiNi 0 0.0 3.122363805770874
NiNi 0 0.0 3.1721744537353516
NiNi 0 0.0 3.5244081020355225
NiNi 0 0.0 3.5244081020355225
NiNi 0 0.0 3.5244081020355225
NiNi 0 0.0 3.5244081020355225
NiNi 0 0.0 3.5244081020355225
NiNi 0 0.0 3.5244081020355225
NiNi 0 0.0 3.5244081020355225
NiNi 0 0.0 inf
NiNi 1 3.866807460784912 3.920759677886963
NiNi 1 3.866807460784912 4.375816345214844
NiNi 1 3.5244081020355225 3.593803644180298
NiNi 1 3.5244081020355225 3.6448590755462646
NiNi 1 3.5244081020355225 3.6448590755462646
NiNi 1 3.5244081020355225 3.742647171020508
NiNi 1 3.5244081020355225 3.742647171020508
NiNi 1 3.5244081020355225 3.742647171020508
NiNi 1 3.5244081020355225 3.742647171020508
NiNi 1 3.5244081020355225 3.742647171020508
NiNi 1 3.5244081020355225 3.742647171020508
NiNi 1 3.5244081020355225 3.742647171020508
NiNi 1 3.5244081020355225 4.317224979400635
NiNi 1 3.5244081020355225 4.317224979400635
NiNi 1 3.5244081020355225 4.317224979400635
NiNi 1 3.1721744537353516 3.7088727951049805
NiNi 1 3.1721744537353516 3.6448590755462646
NiNi 1 3.1721744537353516 3.7088727951049805
NiNi 1 3.1721744537353516 3.6448590755462646
NiNi 1 3.122363805770874 3.562382221221924
NiNi 1 3.122363805770874 3.562382221221924
NiNi 1 3.122363805770874 3.562382221221924
NiNi 1 3.122363805770874 3.562382221221924
NiNi 1 3.122363805770874 3.562382221221924
NiNi 1 3.122363805770874 3.562382221221924
NiNi 1 3.122363805770874 3.562382221221924
NiNi 1 3.122363805770874 3.562382221221924
NiNi 1 3.122363805770874 3.562382221221924
NiNi 1 3.122363805770874 3.562382221221924
NiNi 1 3.122363805770874 3.6448590755462646
NiNi 1 3.122363805770874 3.6448590755462646
NiNi 1 3.122363805770874 3.6448590755462646
NiNi 1 3.122363805770874 3.6448590755462646
NiNi 1 2.935441255569458 3.7088727951049805
NiNi 1 2.6229405403137207 3.5244081020355225
NiNi 1 2.6229405403137207 3.5244081020355225
NiNi 1 2.6229405403137207 3.5244081020355225
NiNi 1 2.6229405403137207 3.5244081020355225
NiNi 1 2.6229405403137207 3.5244081020355225
NiNi 1 2.6229405403137207 3.5244081020355225
NiNi 1 2.6229405403137207 3.5244081020355225
NiNi 1 2.6229405403137207 3.5244081020355225
NiNi 1 2.6229405403137207 3.5244081020355225
NiNi 1 2.6229405403137207 3.5244081020355225
NiNi 2 4.375816345214844 4.432158470153809
NiNi 2 4.336325168609619 4.375816345214844
NiNi 2 4.336325168609619 4.375816345214844
NiNi 2 4.336325168609619 4.375816345214844
NiNi 2 4.317224979400635 4.432158470153809
NiNi 2 4.044732093811035 4.336325168609619
NiNi 2 4.044732093811035 4.336325168609619
NiNi 2 4.044732093811035 4.336325168609619
NiNi 2 4.044732093811035 4.336325168609619
NiNi 2 4.044732093811035 4.336325168609619
NiNi 2 4.044732093811035 4.336325168609619
NiNi 2 4.044732093811035 4.336325168609619
NiNi 2 4.044732093811035 4.336325168609619
NiNi 2 4.044732093811035 4.336325168609619
NiNi 2 4.044732093811035 4.336325168609619
NiNi 2 3.8380820751190186 4.432158470153809
NiNi 2 3.742647171020508 4.336325168609619
NiNi 2 3.6448590755462646 4.336325168609619
NiNi 2 3.6448590755462646 4.336325168609619
NiNi 2 3.6448590755462646 4.336325168609619
NiNi 2 3.6448590755462646 4.336325168609619
