YY 0 0.0 4.190296173095703
YY 0 0.0 4.190296173095703
YY 0 0.0 4.190296173095703
YY 0 0.0 4.190296173095703
YY 0 0.0 4.190296173095703
YY 0 0.0 4.190296173095703
YY 0 0.0 4.190296173095703
YY 0 0.0 4.190296173095703
YY 0 0.0 4.190296173095703
YY 0 0.0 4.190296173095703
YY 0 0.0 4.190296173095703
YY 0 0.0 4.190296173095703
YY 0 0.0 4.190296173095703
YY 0 0.0 4.190296173095703
YY 0 0.0 4.190296173095703
YY 0 0.0 4.190296173095703
YY 0 0.0 4.190296173095703
YY 0 0.0 4.190296173095703
YY 0 0.0 4.190296173095703
YY 0 0.0 4.190296173095703
YY 0 0.0 4.190296173095703
YY 0 0.0 4.190296173095703
YY 0 0.0 4.190296173095703
YY 0 0.0 4.190296173095703
YY 0 0.0 4.190296173095703
YY 0 0.0 4.190296173095703
YY 0 0.0 4.190296173095703
YY 0 0.0 4.190296173095703
YY 0 0.0 4.190296173095703
YY 0 0.0 4.190296173095703
YY 0 0.0 4.190296173095703
YY 0 0.0 4.190296173095703
YY 0 0.0 4.190296173095703
YY 0 0.0 4.190296173095703
YY 0 0.0 4.190296173095703
YY 0 0.0 4.190296173095703
YY 0 0.0 4.190296173095703
YY 0 0.0 4.190296173095703
YY 0 0.0 4.190296173095703
YY 0 0.0 4.190296173095703
YY 0 0.0 4.190296173095703
YY 0 0.0 4.190296173095703
YY 0 0.0 inf
YY 2 4.190296173095703 5.925973892211914
YY 2 4.190296173095703 5.925973892211914
YY 2 4.190296173095703 5.925973892211914
YY 2 4.190296173095703 5.925973892211914
YY 2 4.190296173095703 5.925973892211914
YY 2 4.190296173095703 5.925973892211914
YY 2 4.190296173095703 5.925973892211914
YY 2 4.190296173095703 5.925973892211914
YY 2 4.190296173095703 5.925973892211914
YY 2 4.190296173095703 5.925973892211914
YY 2 4.190296173095703 5.925973892211914
YY 2 4.190296173095703 5.925973892211914
YY 2 4.190296173095703 5.925973892211914
YY 2 4.190296173095703 5.925973892211914
YZn 0 0.0 4.190296173095703
YZn 0 0.0 4.190296173095703
YZn 0 0.0 4.190296173095703
YZn 0 0.0 4.190296173095703
YZn 0 0.0 4.190296173095703
YZn 0 0.0 4.190296173095703
YZn 0 0.0 4.190296173095703
YZn 0 0.0 4.190296173095703
YZn 0 0.0 4.190296173095703
YZn 0 0.0 4.190296173095703
YZn 0 0.0 4.190296173095703
YZn 0 0.0 4.190296173095703
YZn 0 0.0 4.190296173095703
YZn 0 0.0 4.190296173095703
YZn 0 0.0 4.190296173095703
YZn 0 0.0 4.190296173095703
YZn 0 0.0 4.190296173095703
YZn 0 0.0 4.190296173095703
YZn 0 0.0 4.190296173095703
YZn 0 0.0 4.190296173095703
YZn 0 0.0 4.190296173095703
YZn 0 0.0 4.190296173095703
YZn 0 0.0 4.190296173095703
YZn 0 0.0 4.190296173095703
YZn 0 0.0 4.190296173095703
YZn 0 0.0 4.190296173095703
YZn 0 0.0 4.190296173095703
YZn 0 0.0 4.190296173095703
YZn 0 0.0 4.190296173095703
YZn 0 0.0 4.190296173095703
YZn 0 0.0 4.190296173095703
YZn 0 0.0 4.190296173095703
YZn 0 0.0 4.190296173095703
YZn 0 0.0 4.190296173095703
YZn 0 0.0 4.190296173095703
YZn 0 0.0 4.190296173095703
YZn 0 0.0 4.190296173095703
YZn 0 0.0 4.190296173095703
YZn 0 0.0 4.190296173095703
YZn 0 0.0 4.190296173095703
YZn 0 0.0 4.190296173095703
YZn 0 0.0 4.190296173095703
YZn 0 0.0 inf
YZn 2 4.190296173095703 5.925973892211914
YZn 2 4.190296173095703 5.925973892211914
YZn 2 4.190296173095703 5.925973892211914
YZn 2 4.190296173095703 5.925973892211914
YZn 2 4.190296173095703 5.925973892211914
YZn 2 4.190296173095703 5.925973892211914
YZn 2 4.190296173095703 5.925973892211914
YZn 2 4.190296173095703 5.925973892211914
YZn 2 4.190296173095703 5.925973892211914
YZn 2 4.190296173095703 5.925973892211914
YZn 2 4.190296173095703 5.925973892211914
YZn 2 4.190296173095703 5.925973892211914
YZn 2 4.190296173095703 5.925973892211914
YZn 2 4.190296173095703 5.925973892211914
ZnY 0 0.0 1.8698822259902954
ZnY 0 0.0 1.8698822259902954
ZnY 0 0.0 1.8698822259902954
ZnY 0 0.0 1.8698822259902954
ZnY 0 0.0 1.8698822259902954
ZnY 0 0.0 1.8698822259902954
ZnY 0 0.0 1.8698822259902954
ZnY 0 0.0 1.8698822259902954
ZnY 0 0.0 2.8408102989196777
ZnY 0 0.0 2.8408102989196777
ZnY 0 0.0 2.8408102989196777
ZnY 0 0.0 2.8408102989196777
ZnY 0 0.0 2.8408102989196777
ZnY 0 0.0 2.8408102989196777
ZnY 0 0.0 2.9348342418670654
ZnY 0 0.0 2.9348342418670654
ZnY 0 0.0 2.9348342418670654
ZnY 0 0.0 2.9348342418670654
ZnY 0 0.0 2.9348342418670654
ZnY 0 0.0 3.477158784866333
ZnY 0 0.0 4.12730073928833
ZnY 0 0.0 4.12730073928833
ZnY 0 0.0 4.12730073928833
ZnY 0 0.0 4.12730073928833
ZnY 0 0.0 4.12730073928833
ZnY 0 0.0 4.12730073928833
ZnY 0 0.0 4.190296173095703
ZnY 0 0.0 4.190296173095703
ZnY 0 0.0 4.190296173095703
ZnY 0 0.0 4.190296173095703
ZnY 0 0.0 4.190296173095703
ZnY 0 0.0 4.190296173095703
ZnY 0 0.0 4.190296173095703
ZnY 0 0.0 4.190296173095703
ZnY 0 0.0 4.190296173095703
ZnY 0 0.0 4.190296173095703
ZnY 0 0.0 4.190296173095703
ZnY 0 0.0 4.190296173095703
ZnY 0 0.0 4.190296173095703
ZnY 0 0.0 4.190296173095703
ZnY 0 0.0 4.190296173095703
ZnY 0 0.0 4.190296173095703
ZnY 0 0.0 4.190296173095703
ZnY 0 0.0 4.190296173095703
ZnY 0 0.0 4.190296173095703
ZnY 0 0.0 4.190296173095703
ZnY 0 0.0 4.190296173095703
ZnY 0 0.0 4.190296173095703
ZnY 0 0.0 4.190296173095703
ZnY 0 0.0 4.190296173095703
ZnY 0 0.0 inf
ZnY 1 4.148183345794678 4.190296173095703
ZnY 1 4.12730073928833 4.190296173095703
ZnY 1 4.12730073928833 4.190296173095703
ZnY 1 3.554389238357544 4.190296173095703
ZnY 1 3.554389238357544 4.190296173095703
ZnY 1 3.554389238357544 4.190296173095703
ZnY 1 3.477158784866333 4.190296173095703
ZnY 1 3.477158784866333 4.190296173095703
ZnY 1 2.9348342418670654 4.190296173095703
ZnY 2 4.190296173095703 5.835250377655029
ZnY 2 4.190296173095703 5.835250377655029
ZnY 2 4.190296173095703 5.925973892211914
ZnY 2 4.190296173095703 5.835250377655029
ZnY 2 4.190296173095703 5.835250377655029
ZnY 2 4.190296173095703 5.925973892211914
ZnY 2 4.190296173095703 5.925973892211914
ZnY 2 4.190296173095703 5.925973892211914
ZnY 2 4.190296173095703 5.925973892211914
ZnY 2 4.190296173095703 5.925973892211914
ZnY 2 4.190296173095703 5.925973892211914
ZnY 2 4.190296173095703 5.925973892211914
ZnY 2 4.190296173095703 5.925973892211914
ZnZn 0 0.0 4.190296173095703
ZnZn 0 0.0 4.190296173095703
ZnZn 0 0.0 4.190296173095703
ZnZn 0 0.0 4.190296173095703
ZnZn 0 0.0 4.190296173095703
ZnZn 0 0.0 4.190296173095703
ZnZn 0 0.0 4.190296173095703
ZnZn 0 0.0 4.190296173095703
ZnZn 0 0.0 4.190296173095703
ZnZn 0 0.0 4.190296173095703
ZnZn 0 0.0 4.190296173095703
ZnZn 0 0.0 4.190296173095703
ZnZn 0 0.0 4.190296173095703
ZnZn 0 0.0 4.190296173095703
ZnZn 0 0.0 4.190296173095703
ZnZn 0 0.0 4.190296173095703
ZnZn 0 0.0 4.190296173095703
ZnZn 0 0.0 4.190296173095703
ZnZn 0 0.0 4.190296173095703
ZnZn 0 0.0 4.190296173095703
ZnZn 0 0.0 4.190296173095703
ZnZn 0 0.0 4.190296173095703
ZnZn 0 0.0 4.190296173095703
ZnZn 0 0.0 4.190296173095703
ZnZn 0 0.0 4.190296173095703
ZnZn 0 0.0 4.190296173095703
ZnZn 0 0.0 4.190296173095703
ZnZn 0 0.0 4.190296173095703
ZnZn 0 0.0 4.190296173095703
ZnZn 0 0.0 4.190296173095703
ZnZn 0 0.0 4.190296173095703
ZnZn 0 0.0 4.190296173095703
ZnZn 0 0.0 4.190296173095703
ZnZn 0 0.0 4.190296173095703
ZnZn 0 0.0 4.190296173095703
ZnZn 0 0.0 4.190296173095703
ZnZn 0 0.0 4.190296173095703
ZnZn 0 0.0 4.190296173095703
ZnZn 0 0.0 4.190296173095703
ZnZn 0 0.0 4.190296173095703
ZnZn 0 0.0 4.190296173095703
ZnZn 0 0.0 4.190296173095703
ZnZn 0 0.0 inf
ZnZn 2 4.190296173095703 5.925973892211914
ZnZn 2 4.190296173095703 5.925973892211914
ZnZn 2 4.190296173095703 5.925973892211914
ZnZn 2 4.190296173095703 5.925973892211914
ZnZn 2 4.190296173095703 5.925973892211914
ZnZn 2 4.190296173095703 5.925973892211914
ZnZn 2 4.190296173095703 5.925973892211914
ZnZn 2 4.190296173095703 5.925973892211914
ZnZn 2 4.190296173095703 5.925973892211914
ZnZn 2 4.190296173095703 5.925973892211914
ZnZn 2 4.190296173095703 5.925973892211914
ZnZn 2 4.190296173095703 5.925973892211914
ZnZn 2 4.190296173095703 5.925973892211914
ZnZn 2 4.190296173095703 5.925973892211914
