YY 0 0.0 3.443924903869629
YY 0 0.0 3.443924903869629
YY 0 0.0 3.443924903869629
YY 0 0.0 3.443924903869629
YY 0 0.0 3.443924903869629
YY 0 0.0 3.443924903869629
YY 0 0.0 3.443924903869629
YY 0 0.0 3.443924903869629
YY 0 0.0 3.443924903869629
YY 0 0.0 3.443924903869629
YY 0 0.0 3.443924903869629
YY 0 0.0 3.443924903869629
YY 0 0.0 3.443924903869629
YY 0 0.0 3.443924903869629
YY 0 0.0 3.443924903869629
YY 0 0.0 3.443924903869629
YY 0 0.0 3.443924903869629
YY 0 0.0 3.443924903869629
YY 0 0.0 3.443924903869629
YY 0 0.0 3.443924903869629
YY 0 0.0 3.443924903869629
YY 0 0.0 3.443924903869629
YY 0 0.0 3.443924903869629
YY 0 0.0 3.443924903869629
YY 0 0.0 3.443924903869629
YY 0 0.0 3.443924903869629
YY 0 0.0 3.443924903869629
YY 0 0.0 3.443924903869629
YY 0 0.0 3.443924903869629
YY 0 0.0 3.443924903869629
YY 0 0.0 3.443924903869629
YY 0 0.0 3.443924903869629
YY 0 0.0 3.443924903869629
YY 0 0.0 3.443924903869629
YY 0 0.0 3.443924903869629
YY 0 0.0 3.443924903869629
YY 0 0.0 3.443924903869629
YY 0 0.0 3.443924903869629
YY 0 0.0 3.443924903869629
YY 0 0.0 3.443924903869629
YY 0 0.0 3.443924903869629
YY 0 0.0 3.443924903869629
YY 0 0.0 3.443924903869629
YY 0 0.0 3.443924903869629
YY 0 0.0 3.443924903869629
YY 0 0.0 3.443924903869629
YY 0 0.0 3.443924903869629
YY 0 0.0 3.443924903869629
YY 0 0.0 3.443924903869629
YY 0 0.0 3.443924903869629
YY 0 0.0 3.443924903869629
YY 0 0.0 3.443924903869629
YY 0 0.0 3.443924903869629
YY 0 0.0 3.443924903869629
YY 0 0.0 3.443924903869629
YY 0 0.0 3.443924903869629
YY 0 0.0 inf
YY 1 3.443924903869629 4.870445251464844
YY 1 3.443924903869629 4.870445251464844
YY 1 3.443924903869629 4.870445251464844
YY 1 3.443924903869629 4.870445251464844
YY 1 3.443924903869629 4.870445251464844
YY 1 3.443924903869629 4.870445251464844
YY 1 3.443924903869629 4.870445251464844
YY 1 3.443924903869629 4.870445251464844
YY 1 3.443924903869629 4.870445251464844
YY 1 3.443924903869629 4.870445251464844
YY 1 3.443924903869629 4.870445251464844
YY 1 3.443924903869629 4.870445251464844
YY 1 3.443924903869629 4.870445251464844
YY 1 3.443924903869629 4.870445251464844
YY 1 3.443924903869629 4.870445251464844
YY 1 3.443924903869629 4.870445251464844
YY 1 3.443924903869629 4.870445251464844
YY 1 3.443924903869629 4.870445251464844
YY 1 3.443924903869629 4.870445251464844
YY 1 3.443924903869629 4.870445251464844
YY 1 3.443924903869629 4.870445251464844
YY 1 3.443924903869629 4.870445251464844
YY 1 3.443924903869629 4.870445251464844
YY 1 3.443924903869629 4.870445251464844
YY 1 3.443924903869629 4.870445251464844
YY 1 3.443924903869629 4.870445251464844
YY 1 3.443924903869629 4.870445251464844
YY 1 3.443924903869629 4.870445251464844
YY 1 3.443924903869629 4.870445251464844
YY 1 3.443924903869629 4.870445251464844
YY 1 3.443924903869629 4.870445251464844
YY 1 3.443924903869629 4.870445251464844
YY 1 3.443924903869629 4.870445251464844
YY 1 3.443924903869629 4.870445251464844
YY 1 3.443924903869629 4.870445251464844
YY 1 3.443924903869629 4.870445251464844
YY 1 3.443924903869629 4.870445251464844
YY 1 3.443924903869629 4.870445251464844
YY 1 3.443924903869629 4.870445251464844
YY 1 3.443924903869629 4.870445251464844
YY 1 3.443924903869629 4.870445251464844
YY 1 3.443924903869629 4.870445251464844
YY 1 3.443924903869629 4.870445251464844
YY 1 3.443924903869629 4.870445251464844
YY 1 3.443924903869629 4.870445251464844
YY 1 3.443924903869629 4.870445251464844
YY 1 3.443924903869629 4.870445251464844
YY 1 3.443924903869629 4.870445251464844
YY 1 3.443924903869629 4.870445251464844
YY 1 3.443924903869629 4.870445251464844
YY 1 3.443924903869629 4.870445251464844
YY 1 3.443924903869629 4.870445251464844
YRh 0 0.0 1.6585084199905396
YRh 0 0.0 1.6585084199905396
YRh 0 0.0 1.6585084199905396
YRh 0 0.0 1.6585084199905396
YRh 0 0.0 1.6585084199905396
YRh 0 0.0 1.6585084199905396
YRh 0 0.0 1.6585084199905396
YRh 0 0.0 1.6585084199905396
YRh 0 0.0 1.6585084199905396
YRh 0 0.0 1.6585084199905396
YRh 0 0.0 1.6585084199905396
YRh 0 0.0 1.6585084199905396
YRh 0 0.0 1.6585084199905396
YRh 0 0.0 1.6585084199905396
YRh 0 0.0 1.6585084199905396
YRh 0 0.0 1.6585084199905396
YRh 0 0.0 1.6585084199905396
YRh 0 0.0 1.6585084199905396
YRh 0 0.0 1.6585084199905396
YRh 0 0.0 1.6585084199905396
YRh 0 0.0 1.6585084199905396
YRh 0 0.0 1.6585084199905396
YRh 0 0.0 1.6585084199905396
YRh 0 0.0 1.6585084199905396
YRh 0 0.0 1.6585084199905396
YRh 0 0.0 1.6585084199905396
YRh 0 0.0 1.6585084199905396
YRh 0 0.0 1.6585084199905396
YRh 0 0.0 1.6585084199905396
YRh 0 0.0 1.6585084199905396
YRh 0 0.0 1.6585084199905396
YRh 0 0.0 1.6585084199905396
YRh 0 0.0 1.6585084199905396
YRh 0 0.0 1.6585084199905396
YRh 0 0.0 1.6585084199905396
YRh 0 0.0 1.6585084199905396
YRh 0 0.0 1.6585084199905396
YRh 0 0.0 1.6585084199905396
YRh 0 0.0 1.6585084199905396
YRh 0 0.0 1.6585084199905396
YRh 0 0.0 1.6585084199905396
YRh 0 0.0 1.6585084199905396
YRh 0 0.0 1.6585084199905396
YRh 0 0.0 1.6585084199905396
YRh 0 0.0 1.6585084199905396
YRh 0 0.0 2.8312323093414307
YRh 0 0.0 2.8312323093414307
YRh 0 0.0 2.8312323093414307
YRh 0 0.0 2.8312323093414307
YRh 0 0.0 2.8312323093414307
YRh 0 0.0 2.8312323093414307
YRh 0 0.0 2.8312323093414307
YRh 0 0.0 2.8312323093414307
YRh 0 0.0 2.8312323093414307
YRh 0 0.0 2.8312323093414307
YRh 0 0.0 2.8312323093414307
YRh 0 0.0 2.8312323093414307
YRh 0 0.0 2.8312323093414307
YRh 0 0.0 2.8312323093414307
YRh 0 0.0 2.8312323093414307
YRh 0 0.0 2.8312323093414307
YRh 0 0.0 2.8312323093414307
YRh 0 0.0 2.8312323093414307
YRh 0 0.0 2.8312323093414307
YRh 0 0.0 2.8312323093414307
YRh 0 0.0 2.8312323093414307
YRh 0 0.0 2.8312323093414307
YRh 0 0.0 2.8312323093414307
YRh 0 0.0 2.8312323093414307
YRh 0 0.0 2.8312323093414307
YRh 0 0.0 2.8312323093414307
YRh 0 0.0 2.8312323093414307
YRh 0 0.0 2.8312323093414307
YRh 0 0.0 2.8312323093414307
YRh 0 0.0 2.8312323093414307
YRh 0 0.0 2.8312323093414307
YRh 0 0.0 2.8312323093414307
YRh 0 0.0 2.8312323093414307
YRh 0 0.0 2.8312323093414307
YRh 0 0.0 2.8312323093414307
YRh 0 0.0 2.8312323093414307
YRh 0 0.0 2.8312323093414307
YRh 0 0.0 2.8312323093414307
YRh 0 0.0 2.8312323093414307
YRh 0 0.0 2.8312323093414307
YRh 0 0.0 2.8312323093414307
YRh 0 0.0 2.8312323093414307
YRh 0 0.0 2.8312323093414307
YRh 0 0.0 2.8312323093414307
YRh 0 0.0 2.8312323093414307
YRh 0 0.0 2.8312323093414307
YRh 0 0.0 2.8312323093414307
YRh 0 0.0 2.8312323093414307
YRh 0 0.0 2.8312323093414307
YRh 0 0.0 2.8312323093414307
YRh 0 0.0 2.8312323093414307
YRh 0 0.0 2.8312323093414307
YRh 0 0.0 2.8312323093414307
YRh 0 0.0 2.8312323093414307
YRh 0 0.0 2.8312323093414307
YRh 0 0.0 2.8312323093414307
YRh 0 0.0 2.8312323093414307
YRh 0 0.0 2.8312323093414307
YRh 0 0.0 2.8312323093414307
YRh 0 0.0 2.8312323093414307
YRh 0 0.0 2.8312323093414307
YRh 0 0.0 2.8312323093414307
YRh 0 0.0 2.8312323093414307
YRh 0 0.0 2.8312323093414307
YRh 0 0.0 2.8312323093414307
YRh 0 0.0 inf
YRh 1 3.443924903869629 3.644324541091919
YRh 1 3.443924903869629 3.644324541091919
YRh 1 3.443924903869629 3.644324541091919
YRh 1 3.443924903869629 3.644324541091919
YRh 1 3.443924903869629 3.644324541091919
YRh 1 3.443924903869629 3.644324541091919
YRh 1 3.443924903869629 3.644324541091919
YRh 1 3.443924903869629 3.644324541091919
YRh 1 3.443924903869629 3.644324541091919
YRh 1 3.443924903869629 3.644324541091919
YRh 1 3.443924903869629 3.644324541091919
YRh 1 3.443924903869629 3.644324541091919
YRh 1 2.8312323093414307 3.644324541091919
YRh 1 2.8312323093414307 3.644324541091919
YRh 1 2.8312323093414307 3.644324541091919
YRh 1 2.8312323093414307 3.644324541091919
YRh 1 2.8312323093414307 3.644324541091919
YRh 1 2.8312323093414307 3.644324541091919
YRh 1 2.8312323093414307 3.644324541091919
YRh 1 2.8312323093414307 3.644324541091919
YRh 1 2.8312323093414307 3.644324541091919
YRh 1 2.8312323093414307 3.644324541091919
YRh 1 2.8312323093414307 3.644324541091919
YRh 1 2.8312323093414307 3.644324541091919
YRh 1 2.8312323093414307 3.644324541091919
YRh 1 2.8312323093414307 3.644324541091919
YRh 1 2.8312323093414307 3.644324541091919
YRh 1 2.8312323093414307 3.644324541091919
YRh 1 2.8312323093414307 3.644324541091919
YRh 1 2.8312323093414307 3.644324541091919
YRh 1 2.8312323093414307 3.644324541091919
YRh 1 2.8312323093414307 3.644324541091919
YRh 1 2.8312323093414307 3.644324541091919
YRh 1 2.8312323093414307 3.644324541091919
YRh 1 2.8312323093414307 3.644324541091919
YRh 1 2.8312323093414307 3.644324541091919
YRh 1 2.8312323093414307 3.644324541091919
YRh 1 2.8312323093414307 3.644324541091919
YRh 1 2.8312323093414307 3.644324541091919
YRh 1 2.8312323093414307 3.644324541091919
YRh 1 2.8312323093414307 3.644324541091919
YRh 1 2.8312323093414307 3.644324541091919
YRh 1 2.8312323093414307 3.644324541091919
YRh 1 2.8312323093414307 3.644324541091919
YRh 1 2.8312323093414307 3.644324541091919
YRh 1 2.8312323093414307 3.644324541091919
YRh 1 2.8312323093414307 3.644324541091919
YRh 1 2.8312323093414307 3.644324541091919
YRh 1 2.8312323093414307 3.644324541091919
YRh 1 2.8312323093414307 3.644324541091919
YRh 1 2.8312323093414307 3.644324541091919
YRh 1 2.8312323093414307 3.644324541091919
YRh 1 2.8312323093414307 3.644324541091919
YRh 1 2.8312323093414307 3.644324541091919
YRh 1 2.8312323093414307 3.644324541091919
YRh 1 2.8312323093414307 3.644324541091919
YRh 1 2.8312323093414307 3.644324541091919
YRh 1 2.8312323093414307 3.644324541091919
YRh 1 2.8312323093414307 3.644324541091919
YRh 1 2.8312323093414307 3.644324541091919
YRh 1 2.8312323093414307 3.644324541091919
YRh 1 2.8312323093414307 3.644324541091919
YRh 1 2.8312323093414307 3.644324541091919
YRh 1 2.8312323093414307 3.644324541091919
YRh 1 2.8312323093414307 3.644324541091919
YRh 1 2.8312323093414307 3.644324541091919
YRh 1 2.8312323093414307 3.644324541091919
YRh 1 2.8312323093414307 3.644324541091919
YRh 1 2.8312323093414307 3.644324541091919
YRh 1 2.8312323093414307 3.644324541091919
YRh 2 3.644324541091919 4.306544780731201
YRh 2 3.644324541091919 4.306544780731201
YRh 2 3.644324541091919 4.306544780731201
YRh 2 3.644324541091919 4.306544780731201
YRh 2 3.644324541091919 4.306544780731201
YRh 2 3.644324541091919 4.306544780731201
YRh 2 3.644324541091919 4.306544780731201
YRh 2 3.644324541091919 4.306544780731201
YRh 2 3.644324541091919 4.306544780731201
YRh 2 3.644324541091919 4.306544780731201
YRh 2 3.644324541091919 4.306544780731201
YRh 2 3.644324541091919 4.306544780731201
YRh 2 3.644324541091919 4.306544780731201
YRh 2 3.644324541091919 4.306544780731201
YRh 2 3.644324541091919 4.306544780731201
YRh 2 3.644324541091919 4.306544780731201
YRh 2 3.644324541091919 4.306544780731201
RhY 0 0.0 1.6585084199905396
RhY 0 0.0 1.6585084199905396
RhY 0 0.0 1.6585084199905396
RhY 0 0.0 1.6585084199905396
RhY 0 0.0 1.6585084199905396
RhY 0 0.0 1.6585084199905396
RhY 0 0.0 1.6585084199905396
RhY 0 0.0 1.6585084199905396
RhY 0 0.0 1.6585084199905396
RhY 0 0.0 1.6585084199905396
RhY 0 0.0 1.6585084199905396
RhY 0 0.0 1.6585084199905396
RhY 0 0.0 1.6585084199905396
RhY 0 0.0 1.6585084199905396
RhY 0 0.0 1.6585084199905396
RhY 0 0.0 1.6585084199905396
RhY 0 0.0 1.6585084199905396
RhY 0 0.0 1.6585084199905396
RhY 0 0.0 1.6585084199905396
RhY 0 0.0 1.6585084199905396
RhY 0 0.0 1.6585084199905396
RhY 0 0.0 1.6585084199905396
RhY 0 0.0 1.6585084199905396
RhY 0 0.0 1.6585084199905396
RhY 0 0.0 1.6585084199905396
RhY 0 0.0 1.6585084199905396
RhY 0 0.0 1.6585084199905396
RhY 0 0.0 1.6585084199905396
RhY 0 0.0 1.6585084199905396
RhY 0 0.0 1.6585084199905396
RhY 0 0.0 1.6585084199905396
RhY 0 0.0 1.6585084199905396
RhY 0 0.0 1.6585084199905396
RhY 0 0.0 1.6585084199905396
RhY 0 0.0 1.6585084199905396
RhY 0 0.0 1.6585084199905396
RhY 0 0.0 1.6585084199905396
RhY 0 0.0 1.6585084199905396
RhY 0 0.0 1.6585084199905396
RhY 0 0.0 1.6585084199905396
RhY 0 0.0 1.6585084199905396
RhY 0 0.0 1.6585084199905396
RhY 0 0.0 2.8312323093414307
RhY 0 0.0 2.8312323093414307
RhY 0 0.0 2.8312323093414307
RhY 0 0.0 2.8312323093414307
RhY 0 0.0 2.8312323093414307
RhY 0 0.0 2.8312323093414307
RhY 0 0.0 2.8312323093414307
RhY 0 0.0 2.8312323093414307
RhY 0 0.0 2.8312323093414307
RhY 0 0.0 2.8312323093414307
RhY 0 0.0 2.8312323093414307
RhY 0 0.0 2.8312323093414307
RhY 0 0.0 2.8312323093414307
RhY 0 0.0 2.8312323093414307
RhY 0 0.0 2.8312323093414307
RhY 0 0.0 2.8312323093414307
RhY 0 0.0 2.8312323093414307
RhY 0 0.0 2.8312323093414307
RhY 0 0.0 2.8312323093414307
RhY 0 0.0 2.8312323093414307
RhY 0 0.0 2.8312323093414307
RhY 0 0.0 2.8312323093414307
RhY 0 0.0 2.8312323093414307
RhY 0 0.0 2.8312323093414307
RhY 0 0.0 2.8312323093414307
RhY 0 0.0 2.8312323093414307
RhY 0 0.0 2.8312323093414307
RhY 0 0.0 2.8312323093414307
RhY 0 0.0 2.8312323093414307
RhY 0 0.0 2.8312323093414307
RhY 0 0.0 2.8312323093414307
RhY 0 0.0 2.8312323093414307
RhY 0 0.0 2.8312323093414307
RhY 0 0.0 2.8312323093414307
RhY 0 0.0 2.8312323093414307
RhY 0 0.0 2.8312323093414307
RhY 0 0.0 2.8312323093414307
RhY 0 0.0 2.8312323093414307
RhY 0 0.0 2.8312323093414307
RhY 0 0.0 2.8312323093414307
RhY 0 0.0 2.8312323093414307
RhY 0 0.0 2.8312323093414307
RhY 0 0.0 2.8312323093414307
RhY 0 0.0 2.8312323093414307
RhY 0 0.0 2.8312323093414307
RhY 0 0.0 2.8312323093414307
RhY 0 0.0 2.8312323093414307
RhY 0 0.0 2.8312323093414307
RhY 0 0.0 2.8312323093414307
RhY 0 0.0 2.8312323093414307
RhY 0 0.0 2.8312323093414307
RhY 0 0.0 2.8312323093414307
RhY 0 0.0 2.8312323093414307
RhY 0 0.0 2.8312323093414307
RhY 0 0.0 2.8312323093414307
RhY 0 0.0 2.8312323093414307
RhY 0 0.0 2.8312323093414307
RhY 0 0.0 2.8312323093414307
RhY 0 0.0 2.8312323093414307
RhY 0 0.0 2.8312323093414307
RhY 0 0.0 2.8312323093414307
RhY 0 0.0 2.8312323093414307
RhY 0 0.0 2.8312323093414307
RhY 0 0.0 2.8312323093414307
RhY 0 0.0 2.8312323093414307
RhY 0 0.0 inf
RhY 1 3.443924903869629 3.644324541091919
RhY 1 3.443924903869629 3.644324541091919
RhY 1 3.443924903869629 3.644324541091919
RhY 1 3.443924903869629 3.644324541091919
RhY 1 3.443924903869629 3.644324541091919
RhY 1 3.443924903869629 3.644324541091919
RhY 1 3.443924903869629 3.644324541091919
RhY 1 3.443924903869629 3.644324541091919
RhY 1 3.443924903869629 3.644324541091919
RhY 1 3.443924903869629 3.644324541091919
RhY 1 3.443924903869629 3.644324541091919
RhY 1 3.443924903869629 3.644324541091919
RhY 1 3.443924903869629 3.644324541091919
RhY 1 3.443924903869629 3.644324541091919
RhY 1 3.443924903869629 3.644324541091919
RhY 1 3.443924903869629 3.644324541091919
RhY 1 3.443924903869629 3.644324541091919
RhY 1 3.443924903869629 3.644324541091919
RhY 1 2.8312323093414307 3.644324541091919
RhY 1 2.8312323093414307 3.644324541091919
RhY 1 2.8312323093414307 3.644324541091919
RhY 1 2.8312323093414307 3.644324541091919
RhY 1 2.8312323093414307 3.644324541091919
RhY 1 2.8312323093414307 3.644324541091919
RhY 1 2.8312323093414307 3.644324541091919
RhY 1 2.8312323093414307 3.644324541091919
RhY 1 2.8312323093414307 3.644324541091919
RhY 1 2.8312323093414307 3.644324541091919
RhY 1 2.8312323093414307 3.644324541091919
RhY 1 2.8312323093414307 3.644324541091919
RhY 1 2.8312323093414307 3.644324541091919
RhY 1 2.8312323093414307 3.644324541091919
RhY 1 2.8312323093414307 3.644324541091919
RhY 1 2.8312323093414307 3.644324541091919
RhY 1 2.8312323093414307 3.644324541091919
RhY 1 2.8312323093414307 3.644324541091919
RhY 1 2.8312323093414307 3.644324541091919
RhY 1 2.8312323093414307 3.644324541091919
RhY 1 2.8312323093414307 3.644324541091919
RhY 1 2.8312323093414307 3.644324541091919
RhY 1 2.8312323093414307 3.644324541091919
RhY 1 2.8312323093414307 3.644324541091919
RhY 1 2.8312323093414307 3.644324541091919
RhY 1 2.8312323093414307 3.644324541091919
RhY 1 2.8312323093414307 3.644324541091919
RhY 1 2.8312323093414307 3.644324541091919
RhY 1 2.8312323093414307 3.644324541091919
RhY 1 2.8312323093414307 3.644324541091919
RhY 1 2.8312323093414307 3.644324541091919
RhY 1 2.8312323093414307 3.644324541091919
RhY 1 2.8312323093414307 3.644324541091919
RhY 1 2.8312323093414307 3.644324541091919
RhY 1 2.8312323093414307 3.644324541091919
RhY 1 2.8312323093414307 3.644324541091919
RhY 1 2.8312323093414307 3.644324541091919
RhY 1 2.8312323093414307 3.644324541091919
RhY 1 2.8312323093414307 3.644324541091919
RhY 1 2.8312323093414307 3.644324541091919
RhY 1 2.8312323093414307 3.644324541091919
RhY 1 2.8312323093414307 3.644324541091919
RhY 1 2.8312323093414307 3.644324541091919
RhY 1 2.8312323093414307 3.644324541091919
RhY 1 2.8312323093414307 3.644324541091919
RhY 1 2.8312323093414307 3.644324541091919
RhY 1 2.8312323093414307 3.644324541091919
RhY 1 2.8312323093414307 3.644324541091919
RhY 1 2.8312323093414307 3.644324541091919
RhY 1 2.8312323093414307 3.644324541091919
RhY 1 2.8312323093414307 3.644324541091919
RhY 1 2.8312323093414307 3.644324541091919
RhY 2 3.644324541091919 4.306544780731201
RhY 2 3.644324541091919 4.306544780731201
RhY 2 3.644324541091919 4.306544780731201
RhY 2 3.644324541091919 4.306544780731201
RhY 2 3.644324541091919 4.306544780731201
RhY 2 3.644324541091919 4.306544780731201
RhY 2 3.644324541091919 4.306544780731201
RhY 2 3.644324541091919 4.306544780731201
RhY 2 3.644324541091919 4.306544780731201
RhY 2 3.644324541091919 4.306544780731201
RhY 2 3.644324541091919 4.306544780731201
RhY 2 3.644324541091919 4.306544780731201
RhY 2 3.644324541091919 4.306544780731201
RhY 2 3.644324541091919 4.306544780731201
RhY 2 3.644324541091919 4.306544780731201
RhY 2 3.644324541091919 4.306544780731201
RhY 2 3.644324541091919 4.306544780731201
RhRh 0 0.0 3.443924903869629
RhRh 0 0.0 3.443924903869629
RhRh 0 0.0 3.443924903869629
RhRh 0 0.0 3.443924903869629
RhRh 0 0.0 3.443924903869629
RhRh 0 0.0 3.443924903869629
RhRh 0 0.0 3.443924903869629
RhRh 0 0.0 3.443924903869629
RhRh 0 0.0 3.443924903869629
RhRh 0 0.0 3.443924903869629
RhRh 0 0.0 3.443924903869629
RhRh 0 0.0 3.443924903869629
RhRh 0 0.0 3.443924903869629
RhRh 0 0.0 3.443924903869629
RhRh 0 0.0 3.443924903869629
RhRh 0 0.0 3.443924903869629
RhRh 0 0.0 3.443924903869629
RhRh 0 0.0 3.443924903869629
RhRh 0 0.0 3.443924903869629
RhRh 0 0.0 3.443924903869629
RhRh 0 0.0 3.443924903869629
RhRh 0 0.0 3.443924903869629
RhRh 0 0.0 3.443924903869629
RhRh 0 0.0 3.443924903869629
RhRh 0 0.0 3.443924903869629
RhRh 0 0.0 3.443924903869629
RhRh 0 0.0 3.443924903869629
RhRh 0 0.0 3.443924903869629
RhRh 0 0.0 3.443924903869629
RhRh 0 0.0 3.443924903869629
RhRh 0 0.0 3.443924903869629
RhRh 0 0.0 3.443924903869629
RhRh 0 0.0 3.443924903869629
RhRh 0 0.0 3.443924903869629
RhRh 0 0.0 3.443924903869629
RhRh 0 0.0 3.443924903869629
RhRh 0 0.0 3.443924903869629
RhRh 0 0.0 3.443924903869629
RhRh 0 0.0 3.443924903869629
RhRh 0 0.0 3.443924903869629
RhRh 0 0.0 3.443924903869629
RhRh 0 0.0 3.443924903869629
RhRh 0 0.0 3.443924903869629
RhRh 0 0.0 3.443924903869629
RhRh 0 0.0 3.443924903869629
RhRh 0 0.0 3.443924903869629
RhRh 0 0.0 3.443924903869629
RhRh 0 0.0 3.443924903869629
RhRh 0 0.0 3.443924903869629
RhRh 0 0.0 3.443924903869629
RhRh 0 0.0 3.443924903869629
RhRh 0 0.0 3.443924903869629
RhRh 0 0.0 3.443924903869629
RhRh 0 0.0 3.443924903869629
RhRh 0 0.0 3.443924903869629
RhRh 0 0.0 3.443924903869629
RhRh 0 0.0 inf
RhRh 1 3.443924903869629 4.870445251464844
RhRh 1 3.443924903869629 4.870445251464844
RhRh 1 3.443924903869629 4.870445251464844
RhRh 1 3.443924903869629 4.870445251464844
RhRh 1 3.443924903869629 4.870445251464844
RhRh 1 3.443924903869629 4.870445251464844
RhRh 1 3.443924903869629 4.870445251464844
RhRh 1 3.443924903869629 4.870445251464844
RhRh 1 3.443924903869629 4.870445251464844
RhRh 1 3.443924903869629 4.870445251464844
RhRh 1 3.443924903869629 4.870445251464844
RhRh 1 3.443924903869629 4.870445251464844
RhRh 1 3.443924903869629 4.870445251464844
RhRh 1 3.443924903869629 4.870445251464844
RhRh 1 3.443924903869629 4.870445251464844
RhRh 1 3.443924903869629 4.870445251464844
RhRh 1 3.443924903869629 4.870445251464844
RhRh 1 3.443924903869629 4.870445251464844
RhRh 1 3.443924903869629 4.870445251464844
RhRh 1 3.443924903869629 4.870445251464844
RhRh 1 3.443924903869629 4.870445251464844
RhRh 1 3.443924903869629 4.870445251464844
RhRh 1 3.443924903869629 4.870445251464844
RhRh 1 3.443924903869629 4.870445251464844
RhRh 1 3.443924903869629 4.870445251464844
RhRh 1 3.443924903869629 4.870445251464844
RhRh 1 3.443924903869629 4.870445251464844
RhRh 1 3.443924903869629 4.870445251464844
RhRh 1 3.443924903869629 4.870445251464844
RhRh 1 3.443924903869629 4.870445251464844
RhRh 1 3.443924903869629 4.870445251464844
RhRh 1 3.443924903869629 4.870445251464844
RhRh 1 3.443924903869629 4.870445251464844
RhRh 1 3.443924903869629 4.870445251464844
RhRh 1 3.443924903869629 4.870445251464844
RhRh 1 3.443924903869629 4.870445251464844
RhRh 1 3.443924903869629 4.870445251464844
RhRh 1 3.443924903869629 4.870445251464844
RhRh 1 3.443924903869629 4.870445251464844
RhRh 1 3.443924903869629 4.870445251464844
RhRh 1 3.443924903869629 4.870445251464844
RhRh 1 3.443924903869629 4.870445251464844
RhRh 1 3.443924903869629 4.870445251464844
RhRh 1 3.443924903869629 4.870445251464844
RhRh 1 3.443924903869629 4.870445251464844
RhRh 1 3.443924903869629 4.870445251464844
RhRh 1 3.443924903869629 4.870445251464844
RhRh 1 3.443924903869629 4.870445251464844
RhRh 1 3.443924903869629 4.870445251464844
RhRh 1 3.443924903869629 4.870445251464844
RhRh 1 3.443924903869629 4.870445251464844
RhRh 1 3.443924903869629 4.870445251464844
