CeCe 0 0.0 3.850493907928467
CeCe 0 0.0 3.850493907928467
CeCe 0 0.0 3.850493907928467
CeCe 0 0.0 3.850493907928467
CeCe 0 0.0 3.850493907928467
CeCe 0 0.0 3.850493907928467
CeCe 0 0.0 3.850493907928467
CeCe 0 0.0 3.850493907928467
CeCe 0 0.0 3.850493907928467
CeCe 0 0.0 3.850493907928467
CeCe 0 0.0 3.850493907928467
CeCe 0 0.0 3.850493907928467
CeCe 0 0.0 3.850493907928467
CeCe 0 0.0 3.850493907928467
CeCe 0 0.0 3.850493907928467
CeCe 0 0.0 3.850493907928467
CeCe 0 0.0 3.850493907928467
CeCe 0 0.0 3.850493907928467
CeCe 0 0.0 3.850493907928467
CeCe 0 0.0 3.850493907928467
CeCe 0 0.0 3.850493907928467
CeCe 0 0.0 3.850493907928467
CeCe 0 0.0 3.850493907928467
CeCe 0 0.0 3.850493907928467
CeCe 0 0.0 3.850493907928467
CeCe 0 0.0 3.850493907928467
CeCe 0 0.0 3.850493907928467
CeCe 0 0.0 3.850493907928467
CeCe 0 0.0 3.850493907928467
CeCe 0 0.0 3.850493907928467
CeCe 0 0.0 3.850493907928467
CeCe 0 0.0 3.850493907928467
CeCe 0 0.0 inf
CeCe 1 3.850493907928467 5.445420742034912
CeCe 1 3.850493907928467 5.445420742034912
CeCe 1 3.850493907928467 5.445420742034912
CeCe 1 3.850493907928467 5.445420742034912
CeCe 1 3.850493907928467 5.445420742034912
CeCe 1 3.850493907928467 5.445420742034912
CeCe 1 3.850493907928467 5.445420742034912
CeCe 1 3.850493907928467 5.445420742034912
CeCe 1 3.850493907928467 5.445420742034912
CeCe 1 3.850493907928467 5.445420742034912
CeCe 1 3.850493907928467 5.445420742034912
CeCe 1 3.850493907928467 5.445420742034912
CeCe 1 3.850493907928467 5.445420742034912
CeCe 1 3.850493907928467 5.445420742034912
CeCe 1 3.850493907928467 5.445420742034912
CeCe 1 3.850493907928467 5.445420742034912
CeCe 1 3.850493907928467 5.445420742034912
CeCe 1 3.850493907928467 5.445420742034912
CeCe 1 3.850493907928467 5.445420742034912
CeCe 1 3.850493907928467 5.445420742034912
CeCe 1 3.850493907928467 5.445420742034912
CeCe 1 3.850493907928467 5.445420742034912
CeCe 1 3.850493907928467 5.445420742034912
CeCe 1 3.850493907928467 5.445420742034912
CeCe 1 3.850493907928467 5.445420742034912
CeCe 1 3.850493907928467 5.445420742034912
CeCe 1 3.850493907928467 5.445420742034912
CeCe 1 3.850493907928467 5.445420742034912
CeCd 0 0.0 0.4985465407371521
CeCd 0 0.0 0.4985465407371521
CeCd 0 0.0 0.4985465407371521
CeCd 0 0.0 0.4985465407371521
CeCd 0 0.0 0.4985465407371521
CeCd 0 0.0 0.4985465407371521
CeCd 0 0.0 0.4985465407371521
CeCd 0 0.0 0.4985465407371521
CeCd 0 0.0 0.4985465407371521
CeCd 0 0.0 0.4985465407371521
CeCd 0 0.0 0.4985465407371521
CeCd 0 0.0 0.4985465407371521
CeCd 0 0.0 0.4985465407371521
CeCd 0 0.0 0.4985465407371521
CeCd 0 0.0 0.4985465407371521
CeCd 0 0.0 0.4985465407371521
CeCd 0 0.0 0.4985465407371521
CeCd 0 0.0 0.4985465407371521
CeCd 0 0.0 0.4985465407371521
CeCd 0 0.0 0.4985465407371521
CeCd 0 0.0 0.4985465407371521
CeCd 0 0.0 0.4985465407371521
CeCd 0 0.0 0.4985465407371521
CeCd 0 0.0 0.4985465407371521
CeCd 0 0.0 0.4985465407371521
CeCd 0 0.0 0.4985465407371521
CeCd 0 0.0 0.4985465407371521
CeCd 0 0.0 0.4985465407371521
CeCd 0 0.0 0.4985465407371521
CeCd 0 0.0 0.4985465407371521
CeCd 0 0.0 0.4985465407371521
CeCd 0 0.0 0.4985465407371521
CeCd 0 0.0 0.4985465407371521
CeCd 0 0.0 3.5858376026153564
CeCd 0 0.0 3.5858376026153564
CeCd 0 0.0 3.5858376026153564
CeCd 0 0.0 3.5858376026153564
CeCd 0 0.0 3.5858376026153564
CeCd 0 0.0 3.5858376026153564
CeCd 0 0.0 3.5858376026153564
CeCd 0 0.0 3.5858376026153564
CeCd 0 0.0 3.5858376026153564
CeCd 0 0.0 3.5858376026153564
CeCd 0 0.0 3.5858376026153564
CeCd 0 0.0 3.5858376026153564
CeCd 0 0.0 3.5858376026153564
CeCd 0 0.0 3.5858376026153564
CeCd 0 0.0 3.5858376026153564
CeCd 0 0.0 3.5858376026153564
CeCd 0 0.0 3.5858376026153564
CeCd 0 0.0 3.5858376026153564
CeCd 0 0.0 3.5858376026153564
CeCd 0 0.0 3.5858376026153564
CeCd 0 0.0 3.5858376026153564
CeCd 0 0.0 3.5858376026153564
CeCd 0 0.0 3.5858376026153564
CeCd 0 0.0 3.5858376026153564
CeCd 0 0.0 3.5858376026153564
CeCd 0 0.0 3.5858376026153564
CeCd 0 0.0 3.5858376026153564
CeCd 0 0.0 3.5858376026153564
CeCd 0 0.0 3.5858376026153564
CeCd 0 0.0 3.5858376026153564
CeCd 0 0.0 3.5858376026153564
CeCd 0 0.0 3.5858376026153564
CeCd 0 0.0 inf
CeCd 1 3.5858376026153564 5.046574592590332
CeCd 1 3.5858376026153564 5.046574592590332
CeCd 1 3.5858376026153564 5.046574592590332
CeCd 1 3.5858376026153564 5.046574592590332
CeCd 1 3.5858376026153564 5.046574592590332
CeCd 1 3.5858376026153564 5.046574592590332
CeCd 1 3.5858376026153564 5.046574592590332
CeCd 1 3.5858376026153564 5.046574592590332
CeCd 1 3.5858376026153564 5.046574592590332
CeCd 1 3.5858376026153564 5.046574592590332
CeCd 1 3.5858376026153564 5.046574592590332
CeCd 1 3.5858376026153564 5.046574592590332
CeCd 1 3.5858376026153564 5.046574592590332
CeCd 1 3.5858376026153564 5.046574592590332
CeCd 1 3.5858376026153564 5.046574592590332
CeCd 1 3.5858376026153564 5.046574592590332
CeCd 1 3.5858376026153564 5.046574592590332
CeCd 1 3.5858376026153564 5.046574592590332
CeCd 1 3.5858376026153564 5.046574592590332
CeCd 1 3.5858376026153564 5.046574592590332
CeCd 1 3.5858376026153564 5.046574592590332
CeCd 1 3.5858376026153564 5.046574592590332
CeCd 1 3.5858376026153564 5.046574592590332
CeCd 1 3.5858376026153564 5.046574592590332
CeCd 1 3.5858376026153564 5.046574592590332
CeCd 1 3.5858376026153564 5.046574592590332
CeCd 1 3.5858376026153564 5.046574592590332
CeCd 1 3.5858376026153564 5.046574592590332
CeCd 2 5.046574592590332 5.445420742034912
CeCd 2 5.046574592590332 5.445420742034912
CeCd 2 5.046574592590332 5.445420742034912
CeCd 2 5.046574592590332 5.445420742034912
CeCd 2 5.046574592590332 5.445420742034912
CeCd 2 5.046574592590332 5.445420742034912
CeCd 2 5.046574592590332 5.445420742034912
CeCd 2 5.046574592590332 5.445420742034912
CdCe 0 0.0 0.4985465407371521
CdCe 0 0.0 0.4985465407371521
CdCe 0 0.0 0.4985465407371521
CdCe 0 0.0 0.4985465407371521
CdCe 0 0.0 0.4985465407371521
CdCe 0 0.0 0.4985465407371521
CdCe 0 0.0 0.4985465407371521
CdCe 0 0.0 0.4985465407371521
CdCe 0 0.0 0.4985465407371521
CdCe 0 0.0 0.4985465407371521
CdCe 0 0.0 0.4985465407371521
CdCe 0 0.0 0.4985465407371521
CdCe 0 0.0 0.4985465407371521
CdCe 0 0.0 0.4985465407371521
CdCe 0 0.0 0.4985465407371521
CdCe 0 0.0 0.4985465407371521
CdCe 0 0.0 0.4985465407371521
CdCe 0 0.0 0.4985465407371521
CdCe 0 0.0 0.4985465407371521
CdCe 0 0.0 0.4985465407371521
CdCe 0 0.0 0.4985465407371521
CdCe 0 0.0 0.4985465407371521
CdCe 0 0.0 0.4985465407371521
CdCe 0 0.0 0.4985465407371521
CdCe 0 0.0 0.4985465407371521
CdCe 0 0.0 0.4985465407371521
CdCe 0 0.0 0.4985465407371521
CdCe 0 0.0 0.4985465407371521
CdCe 0 0.0 0.4985465407371521
CdCe 0 0.0 0.4985465407371521
CdCe 0 0.0 3.5858376026153564
CdCe 0 0.0 3.5858376026153564
CdCe 0 0.0 3.5858376026153564
CdCe 0 0.0 3.5858376026153564
CdCe 0 0.0 3.5858376026153564
CdCe 0 0.0 3.5858376026153564
CdCe 0 0.0 3.5858376026153564
CdCe 0 0.0 3.5858376026153564
CdCe 0 0.0 3.5858376026153564
CdCe 0 0.0 3.5858376026153564
CdCe 0 0.0 3.5858376026153564
CdCe 0 0.0 3.5858376026153564
CdCe 0 0.0 3.5858376026153564
CdCe 0 0.0 3.5858376026153564
CdCe 0 0.0 3.5858376026153564
CdCe 0 0.0 3.5858376026153564
CdCe 0 0.0 3.5858376026153564
CdCe 0 0.0 3.5858376026153564
CdCe 0 0.0 3.5858376026153564
CdCe 0 0.0 3.5858376026153564
CdCe 0 0.0 3.5858376026153564
CdCe 0 0.0 3.5858376026153564
CdCe 0 0.0 3.5858376026153564
CdCe 0 0.0 3.5858376026153564
CdCe 0 0.0 3.5858376026153564
CdCe 0 0.0 3.5858376026153564
CdCe 0 0.0 3.5858376026153564
CdCe 0 0.0 3.5858376026153564
CdCe 0 0.0 3.5858376026153564
CdCe 0 0.0 3.5858376026153564
CdCe 0 0.0 3.5858376026153564
CdCe 0 0.0 3.5858376026153564
CdCe 0 0.0 inf
CdCe 1 3.5858376026153564 5.046574592590332
CdCe 1 3.5858376026153564 5.046574592590332
CdCe 1 3.5858376026153564 5.046574592590332
CdCe 1 3.5858376026153564 5.046574592590332
CdCe 1 3.5858376026153564 5.046574592590332
CdCe 1 3.5858376026153564 5.046574592590332
CdCe 1 3.5858376026153564 5.046574592590332
CdCe 1 3.5858376026153564 5.046574592590332
CdCe 1 3.5858376026153564 5.046574592590332
CdCe 1 3.5858376026153564 5.046574592590332
CdCe 1 3.5858376026153564 5.046574592590332
CdCe 1 3.5858376026153564 5.046574592590332
CdCe 1 3.5858376026153564 5.046574592590332
CdCe 1 3.5858376026153564 5.046574592590332
CdCe 1 3.5858376026153564 5.046574592590332
CdCe 1 3.5858376026153564 5.046574592590332
CdCe 1 3.5858376026153564 5.046574592590332
CdCe 1 3.5858376026153564 5.046574592590332
CdCe 1 3.5858376026153564 5.046574592590332
CdCe 1 3.5858376026153564 5.046574592590332
CdCe 1 3.5858376026153564 5.046574592590332
CdCe 1 3.5858376026153564 5.046574592590332
CdCe 1 3.5858376026153564 5.046574592590332
CdCe 1 3.5858376026153564 5.046574592590332
CdCe 1 3.5858376026153564 5.046574592590332
CdCe 1 3.5858376026153564 5.046574592590332
CdCe 1 3.5858376026153564 5.046574592590332
CdCe 1 3.5858376026153564 5.046574592590332
CdCe 2 5.046574592590332 5.445420742034912
CdCe 2 5.046574592590332 5.445420742034912
CdCe 2 5.046574592590332 5.445420742034912
CdCe 2 5.046574592590332 5.445420742034912
CdCe 2 5.046574592590332 5.445420742034912
CdCe 2 5.046574592590332 5.445420742034912
CdCe 2 5.046574592590332 5.445420742034912
CdCe 2 5.046574592590332 5.445420742034912
CdCd 0 0.0 3.850493907928467
CdCd 0 0.0 3.850493907928467
CdCd 0 0.0 3.850493907928467
CdCd 0 0.0 3.850493907928467
CdCd 0 0.0 3.850493907928467
CdCd 0 0.0 3.850493907928467
CdCd 0 0.0 3.850493907928467
CdCd 0 0.0 3.850493907928467
CdCd 0 0.0 3.850493907928467
CdCd 0 0.0 3.850493907928467
CdCd 0 0.0 3.850493907928467
CdCd 0 0.0 3.850493907928467
CdCd 0 0.0 3.850493907928467
CdCd 0 0.0 3.850493907928467
CdCd 0 0.0 3.850493907928467
CdCd 0 0.0 3.850493907928467
CdCd 0 0.0 3.850493907928467
CdCd 0 0.0 3.850493907928467
CdCd 0 0.0 3.850493907928467
CdCd 0 0.0 3.850493907928467
CdCd 0 0.0 3.850493907928467
CdCd 0 0.0 3.850493907928467
CdCd 0 0.0 3.850493907928467
CdCd 0 0.0 3.850493907928467
CdCd 0 0.0 3.850493907928467
CdCd 0 0.0 3.850493907928467
CdCd 0 0.0 3.850493907928467
CdCd 0 0.0 3.850493907928467
CdCd 0 0.0 3.850493907928467
CdCd 0 0.0 3.850493907928467
CdCd 0 0.0 3.850493907928467
CdCd 0 0.0 3.850493907928467
CdCd 0 0.0 inf
CdCd 1 3.850493907928467 5.445420742034912
CdCd 1 3.850493907928467 5.445420742034912
CdCd 1 3.850493907928467 5.445420742034912
CdCd 1 3.850493907928467 5.445420742034912
CdCd 1 3.850493907928467 5.445420742034912
CdCd 1 3.850493907928467 5.445420742034912
CdCd 1 3.850493907928467 5.445420742034912
CdCd 1 3.850493907928467 5.445420742034912
CdCd 1 3.850493907928467 5.445420742034912
CdCd 1 3.850493907928467 5.445420742034912
CdCd 1 3.850493907928467 5.445420742034912
CdCd 1 3.850493907928467 5.445420742034912
CdCd 1 3.850493907928467 5.445420742034912
CdCd 1 3.850493907928467 5.445420742034912
CdCd 1 3.850493907928467 5.445420742034912
CdCd 1 3.850493907928467 5.445420742034912
CdCd 1 3.850493907928467 5.445420742034912
CdCd 1 3.850493907928467 5.445420742034912
CdCd 1 3.850493907928467 5.445420742034912
CdCd 1 3.850493907928467 5.445420742034912
CdCd 1 3.850493907928467 5.445420742034912
CdCd 1 3.850493907928467 5.445420742034912
CdCd 1 3.850493907928467 5.445420742034912
CdCd 1 3.850493907928467 5.445420742034912
CdCd 1 3.850493907928467 5.445420742034912
CdCd 1 3.850493907928467 5.445420742034912
CdCd 1 3.850493907928467 5.445420742034912
CdCd 1 3.850493907928467 5.445420742034912
