NdNd 0 0.0 0.2770164906978607
NdNd 0 0.0 3.5497686862945557
NdNd 0 0.0 5.759032249450684
NdNd 0 0.0 6.308382034301758
NdNd 0 0.0 6.308382034301758
NdNd 0 0.0 7.952927112579346
NdNd 0 0.0 inf
NdNd 1 7.76842737197876 7.958555221557617
NdGe 0 0.0 0.2770164906978607
NdGe 0 0.0 0.9076487421989441
NdGe 0 0.0 0.9076487421989441
NdGe 0 0.0 0.9076487421989441
NdGe 0 0.0 1.1228581666946411
NdGe 0 0.0 1.1319760084152222
NdGe 0 0.0 2.0273327827453613
NdGe 0 0.0 2.2054708003997803
NdGe 0 0.0 2.2054708003997803
NdGe 0 0.0 2.2054708003997803
NdGe 0 0.0 2.4244625568389893
NdGe 0 0.0 3.117711305618286
NdGe 0 0.0 4.053584575653076
NdGe 0 0.0 4.430954933166504
NdGe 0 0.0 5.46342134475708
NdGe 0 0.0 5.46342134475708
NdGe 0 0.0 inf
NdGe 1 7.76842737197876 7.827512264251709
NdNd 0 0.0 3.5411858558654785
NdNd 0 0.0 3.5411858558654785
NdNd 0 0.0 6.006905555725098
NdNd 0 0.0 6.006905555725098
NdNd 0 0.0 6.308382034301758
NdNd 0 0.0 6.308382034301758
NdNd 0 0.0 6.436669826507568
NdNd 0 0.0 inf
NdNd 1 7.952927112579346 7.958555221557617
NdNd 1 6.533486366271973 6.612006664276123
NdGe 0 0.0 0.9076487421989441
NdGe 0 0.0 0.9076487421989441
NdGe 0 0.0 0.9076487421989441
NdGe 0 0.0 0.9076487421989441
NdGe 0 0.0 0.9628110527992249
NdGe 0 0.0 0.9628110527992249
NdGe 0 0.0 2.2054708003997803
NdGe 0 0.0 2.2054708003997803
NdGe 0 0.0 2.2054708003997803
NdGe 0 0.0 2.2054708003997803
NdGe 0 0.0 3.5411858558654785
NdGe 0 0.0 3.5411858558654785
NdGe 0 0.0 4.204733371734619
NdGe 0 0.0 4.430954933166504
NdGe 0 0.0 4.430954933166504
NdGe 0 0.0 5.139683723449707
NdGe 0 0.0 5.454182147979736
NdGe 0 0.0 6.645627975463867
NdGe 0 0.0 inf
NdGe 1 7.134894371032715 7.674403667449951
NdGe 1 5.454182147979736 6.612006664276123
NdNd 0 0.0 3.8351681232452393
NdNd 0 0.0 6.308382034301758
NdNd 0 0.0 6.308382034301758
NdNd 0 0.0 6.533486366271973
NdNd 0 0.0 7.952927112579346
NdNd 0 0.0 inf
NdNd 1 7.952927112579346 7.958555221557617
NdGe 0 0.0 0.9076487421989441
NdGe 0 0.0 0.9628110527992249
NdGe 0 0.0 0.9628110527992249
NdGe 0 0.0 1.0773869752883911
NdGe 0 0.0 2.2054708003997803
NdGe 0 0.0 2.716432571411133
NdGe 0 0.0 3.8351681232452393
NdGe 0 0.0 4.20991325378418
NdGe 0 0.0 4.430954933166504
NdGe 0 0.0 4.430954933166504
NdGe 0 0.0 4.5710062980651855
NdGe 0 0.0 5.139683723449707
NdGe 0 0.0 5.454182147979736
NdGe 0 0.0 inf
NdGe 1 6.933794975280762 7.117381572723389
NdGe 1 5.454182147979736 7.10744571685791
NdNd 0 0.0 0.2770164906978607
NdNd 0 0.0 0.2770164906978607
NdNd 0 0.0 0.2770164906978607
NdNd 0 0.0 0.2770164906978607
NdNd 0 0.0 3.5411858558654785
NdNd 0 0.0 3.5411858558654785
NdNd 0 0.0 5.641096591949463
NdNd 0 0.0 5.759032249450684
NdNd 0 0.0 5.759032249450684
NdNd 0 0.0 6.308382034301758
NdNd 0 0.0 6.308382034301758
NdNd 0 0.0 6.615167617797852
NdNd 0 0.0 inf
NdNd 1 7.76842737197876 7.958555221557617
NdGe 0 0.0 0.2770164906978607
NdGe 0 0.0 0.2770164906978607
NdGe 0 0.0 0.2770164906978607
NdGe 0 0.0 0.2770164906978607
NdGe 0 0.0 0.9076487421989441
NdGe 0 0.0 0.9076487421989441
NdGe 0 0.0 0.9076487421989441
NdGe 0 0.0 0.9076487421989441
NdGe 0 0.0 0.9076487421989441
NdGe 0 0.0 1.0773869752883911
NdGe 0 0.0 2.2054708003997803
NdGe 0 0.0 2.2054708003997803
NdGe 0 0.0 2.2054708003997803
NdGe 0 0.0 2.2054708003997803
NdGe 0 0.0 2.4244625568389893
NdGe 0 0.0 2.4244625568389893
NdGe 0 0.0 2.729910135269165
NdGe 0 0.0 2.729910135269165
NdGe 0 0.0 4.043035984039307
NdGe 0 0.0 4.043035984039307
NdGe 0 0.0 4.053584575653076
NdGe 0 0.0 4.053584575653076
NdGe 0 0.0 4.454859733581543
NdGe 0 0.0 5.46342134475708
NdGe 0 0.0 5.46342134475708
NdGe 0 0.0 inf
NdGe 1 6.884233474731445 7.855282306671143
NdNd 0 0.0 0.2770164906978607
NdNd 0 0.0 3.5497686862945557
NdNd 0 0.0 5.759032249450684
NdNd 0 0.0 6.308382034301758
NdNd 0 0.0 6.308382034301758
NdNd 0 0.0 7.952927112579346
NdNd 0 0.0 inf
NdNd 1 7.76842737197876 7.958555221557617
NdGe 0 0.0 0.2770164906978607
NdGe 0 0.0 0.9076487421989441
NdGe 0 0.0 0.9076487421989441
NdGe 0 0.0 0.9076487421989441
NdGe 0 0.0 1.1228581666946411
NdGe 0 0.0 1.1319760084152222
NdGe 0 0.0 2.0273327827453613
NdGe 0 0.0 2.2054708003997803
NdGe 0 0.0 2.2054708003997803
NdGe 0 0.0 2.2054708003997803
NdGe 0 0.0 2.4244625568389893
NdGe 0 0.0 3.117711305618286
NdGe 0 0.0 4.053584575653076
NdGe 0 0.0 4.430954933166504
NdGe 0 0.0 5.46342134475708
NdGe 0 0.0 5.46342134475708
NdGe 0 0.0 inf
NdGe 1 7.76842737197876 7.827512264251709
NdNd 0 0.0 1.9073486328125e-06
NdNd 0 0.0 3.5411858558654785
NdNd 0 0.0 3.5411858558654785
NdNd 0 0.0 6.006905555725098
NdNd 0 0.0 6.006905555725098
NdNd 0 0.0 6.308382034301758
NdNd 0 0.0 6.308382034301758
NdNd 0 0.0 6.436669826507568
NdNd 0 0.0 inf
NdNd 1 7.952927112579346 7.958555221557617
NdNd 1 6.533486366271973 6.612006664276123
NdGe 0 0.0 1.9073486328125e-06
NdGe 0 0.0 0.9076487421989441
NdGe 0 0.0 0.9076487421989441
NdGe 0 0.0 0.9076487421989441
NdGe 0 0.0 0.9076487421989441
NdGe 0 0.0 0.9628110527992249
NdGe 0 0.0 0.9628110527992249
NdGe 0 0.0 2.2054708003997803
NdGe 0 0.0 2.2054708003997803
NdGe 0 0.0 2.2054708003997803
NdGe 0 0.0 2.2054708003997803
NdGe 0 0.0 3.5411858558654785
NdGe 0 0.0 3.5411858558654785
NdGe 0 0.0 4.204733371734619
NdGe 0 0.0 4.430954933166504
NdGe 0 0.0 4.430954933166504
NdGe 0 0.0 5.139683723449707
NdGe 0 0.0 5.454182147979736
NdGe 0 0.0 inf
NdGe 1 5.454182147979736 6.612006664276123
NdNd 0 0.0 3.8351681232452393
NdNd 0 0.0 5.044496059417725
NdNd 0 0.0 5.641096591949463
NdNd 0 0.0 6.308382034301758
NdNd 0 0.0 6.308382034301758
NdNd 0 0.0 7.619211673736572
NdNd 0 0.0 7.952927112579346
NdNd 0 0.0 inf
NdNd 1 7.952927112579346 7.958555221557617
NdNd 1 6.533486366271973 6.615167617797852
NdGe 0 0.0 0.9076487421989441
NdGe 0 0.0 0.9628110527992249
NdGe 0 0.0 0.9628110527992249
NdGe 0 0.0 1.0773869752883911
NdGe 0 0.0 2.2054708003997803
NdGe 0 0.0 2.716432571411133
NdGe 0 0.0 3.8351681232452393
NdGe 0 0.0 4.043035984039307
NdGe 0 0.0 4.085482120513916
NdGe 0 0.0 4.20991325378418
NdGe 0 0.0 4.430954933166504
NdGe 0 0.0 4.430954933166504
NdGe 0 0.0 4.5710062980651855
NdGe 0 0.0 5.044496059417725
NdGe 0 0.0 5.454182147979736
NdGe 0 0.0 6.211589336395264
NdGe 0 0.0 inf
NdGe 1 7.134894371032715 7.674403667449951
NdGe 1 6.933794975280762 7.117381572723389
NdGe 1 5.454182147979736 7.10744571685791
NdNd 0 0.0 0.2770164906978607
NdNd 0 0.0 0.2770164906978607
NdNd 0 0.0 0.2770164906978607
NdNd 0 0.0 0.2770164906978607
NdNd 0 0.0 3.5411858558654785
NdNd 0 0.0 3.5411858558654785
NdNd 0 0.0 5.759032249450684
NdNd 0 0.0 5.759032249450684
NdNd 0 0.0 6.308382034301758
NdNd 0 0.0 6.308382034301758
NdNd 0 0.0 inf
NdNd 1 7.76842737197876 7.958555221557617
NdGe 0 0.0 0.2770164906978607
NdGe 0 0.0 0.2770164906978607
NdGe 0 0.0 0.2770164906978607
NdGe 0 0.0 0.2770164906978607
NdGe 0 0.0 0.9076487421989441
NdGe 0 0.0 0.9076487421989441
NdGe 0 0.0 0.9076487421989441
NdGe 0 0.0 0.9076487421989441
NdGe 0 0.0 0.9076487421989441
NdGe 0 0.0 1.0773869752883911
NdGe 0 0.0 2.2054708003997803
NdGe 0 0.0 2.2054708003997803
NdGe 0 0.0 2.2054708003997803
NdGe 0 0.0 2.2054708003997803
NdGe 0 0.0 2.4244625568389893
NdGe 0 0.0 2.4244625568389893
NdGe 0 0.0 2.729910135269165
NdGe 0 0.0 2.729910135269165
NdGe 0 0.0 4.053584575653076
NdGe 0 0.0 4.053584575653076
NdGe 0 0.0 5.46342134475708
NdGe 0 0.0 5.46342134475708
NdGe 0 0.0 inf
NdGe 1 6.884233474731445 7.855282306671143
NdNd 0 0.0 6.25559139251709
NdNd 0 0.0 6.25559139251709
NdNd 0 0.0 6.355166912078857
NdNd 0 0.0 6.355166912078857
NdNd 0 0.0 7.288030624389648
NdNd 0 0.0 7.288030624389648
NdNd 0 0.0 inf
NdNd 1 7.3736772537231445 7.952927112579346
NdNd 1 7.3736772537231445 7.952927112579346
NdGe 0 0.0 0.9469131231307983
NdGe 0 0.0 0.9469131231307983
NdGe 0 0.0 2.729910135269165
NdGe 0 0.0 2.729910135269165
NdGe 0 0.0 2.729910135269165
NdGe 0 0.0 4.043035984039307
NdGe 0 0.0 4.085482120513916
NdGe 0 0.0 4.085482120513916
NdGe 0 0.0 5.042591094970703
NdGe 0 0.0 5.042591094970703
NdGe 0 0.0 6.454681873321533
NdGe 0 0.0 6.454681873321533
NdGe 0 0.0 6.645627975463867
NdGe 0 0.0 inf
NdGe 1 7.617628574371338 7.820037841796875
NdGe 1 7.032551288604736 7.288030624389648
NdNd 0 0.0 1.2033674716949463
NdNd 0 0.0 3.2759382724761963
NdNd 0 0.0 3.8351681232452393
NdNd 0 0.0 6.355166912078857
NdNd 0 0.0 6.424352645874023
NdNd 0 0.0 6.4402570724487305
NdNd 0 0.0 6.760913848876953
NdNd 0 0.0 6.760913848876953
NdNd 0 0.0 inf
NdNd 1 7.130825042724609 7.4612579345703125
NdNd 1 6.827563285827637 7.856196403503418
NdGe 0 0.0 0.9469131231307983
NdGe 0 0.0 0.9469131231307983
NdGe 0 0.0 0.9469131231307983
NdGe 0 0.0 0.9469131231307983
NdGe 0 0.0 0.9628110527992249
NdGe 0 0.0 0.9628110527992249
NdGe 0 0.0 0.986347496509552
NdGe 0 0.0 0.986347496509552
NdGe 0 0.0 1.1319760084152222
NdGe 0 0.0 1.1319760084152222
NdGe 0 0.0 1.2033674716949463
NdGe 0 0.0 2.0883193016052246
NdGe 0 0.0 2.729910135269165
NdGe 0 0.0 2.729910135269165
NdGe 0 0.0 2.729910135269165
NdGe 0 0.0 2.729910135269165
NdGe 0 0.0 3.8351681232452393
NdGe 0 0.0 4.454859733581543
NdGe 0 0.0 5.042591094970703
NdGe 0 0.0 5.429497241973877
NdGe 0 0.0 5.429497241973877
NdGe 0 0.0 5.617798805236816
NdGe 0 0.0 inf
NdGe 1 6.884233474731445 7.032551288604736
NdGe 1 5.698681354522705 5.931532382965088
NdGe 1 1.1319760084152222 1.3453102111816406
NdGe 1 1.1319760084152222 1.3453102111816406
NdNd 0 0.0 3.2759382724761963
NdNd 0 0.0 3.3451027870178223
NdNd 0 0.0 5.184056758880615
NdNd 0 0.0 5.641096591949463
NdNd 0 0.0 6.4402570724487305
NdNd 0 0.0 6.760913848876953
NdNd 0 0.0 6.827563285827637
NdNd 0 0.0 7.952927112579346
NdNd 0 0.0 inf
NdNd 1 7.130825042724609 7.952927112579346
NdGe 0 0.0 0.9469131231307983
NdGe 0 0.0 0.9469131231307983
NdGe 0 0.0 0.9628110527992249
NdGe 0 0.0 0.9628110527992249
NdGe 0 0.0 0.986347496509552
NdGe 0 0.0 0.986347496509552
NdGe 0 0.0 0.986347496509552
NdGe 0 0.0 0.986347496509552
NdGe 0 0.0 2.0883193016052246
NdGe 0 0.0 2.4244625568389893
NdGe 0 0.0 2.4244625568389893
NdGe 0 0.0 2.729910135269165
NdGe 0 0.0 2.729910135269165
NdGe 0 0.0 3.3451027870178223
NdGe 0 0.0 3.998093843460083
NdGe 0 0.0 3.998093843460083
NdGe 0 0.0 4.043035984039307
NdGe 0 0.0 4.043035984039307
NdGe 0 0.0 4.053584575653076
NdGe 0 0.0 4.454859733581543
NdGe 0 0.0 5.180348873138428
NdGe 0 0.0 5.617798805236816
NdGe 0 0.0 6.0101494789123535
NdGe 0 0.0 6.487846374511719
NdGe 0 0.0 inf
NdGe 1 6.884233474731445 7.032551288604736
NdGe 1 5.698681354522705 6.612006664276123
NdGe 1 5.698681354522705 5.931532382965088
NdGe 1 5.429497241973877 6.722047328948975
NdGe 1 1.1319760084152222 1.3453102111816406
NdNd 0 0.0 1.2033674716949463
NdNd 0 0.0 6.4402570724487305
NdNd 0 0.0 7.288030624389648
NdNd 0 0.0 7.3736772537231445
NdNd 0 0.0 7.3736772537231445
NdNd 0 0.0 inf
NdGe 0 0.0 0.9469131231307983
NdGe 0 0.0 0.9469131231307983
NdGe 0 0.0 1.2033674716949463
NdGe 0 0.0 2.729910135269165
NdGe 0 0.0 5.698681354522705
NdGe 0 0.0 5.698681354522705
NdGe 0 0.0 6.4402570724487305
NdGe 0 0.0 6.7755560874938965
NdGe 0 0.0 6.7755560874938965
NdGe 0 0.0 7.032551288604736
NdGe 0 0.0 inf
NdGe 1 7.058668613433838 7.856196403503418
NdGe 1 7.058668613433838 7.887910842895508
NdNd 0 0.0 1.2033674716949463
NdNd 0 0.0 5.641096591949463
NdNd 0 0.0 6.4402570724487305
NdNd 0 0.0 7.288030624389648
NdNd 0 0.0 7.3736772537231445
NdNd 0 0.0 7.3736772537231445
NdNd 0 0.0 7.619211673736572
NdNd 0 0.0 inf
NdGe 0 0.0 0.9469131231307983
NdGe 0 0.0 0.9469131231307983
NdGe 0 0.0 1.2033674716949463
NdGe 0 0.0 2.729910135269165
NdGe 0 0.0 4.043035984039307
NdGe 0 0.0 4.430954933166504
NdGe 0 0.0 4.780850887298584
NdGe 0 0.0 4.780850887298584
NdGe 0 0.0 5.698681354522705
NdGe 0 0.0 5.698681354522705
NdGe 0 0.0 6.4402570724487305
NdGe 0 0.0 6.645627975463867
NdGe 0 0.0 6.7755560874938965
NdGe 0 0.0 6.7755560874938965
NdGe 0 0.0 inf
NdGe 1 7.058668613433838 7.820037841796875
NdGe 1 7.058668613433838 7.887910842895508
NdGe 1 7.032551288604736 7.856196403503418
NdNd 0 0.0 3.2759382724761963
NdNd 0 0.0 6.4402570724487305
NdNd 0 0.0 6.760913848876953
NdNd 0 0.0 6.827563285827637
NdNd 0 0.0 7.952927112579346
NdNd 0 0.0 inf
NdNd 1 7.130825042724609 7.952927112579346
NdGe 0 0.0 0.9469131231307983
NdGe 0 0.0 0.9469131231307983
NdGe 0 0.0 0.9628110527992249
NdGe 0 0.0 0.9628110527992249
NdGe 0 0.0 0.986347496509552
NdGe 0 0.0 0.986347496509552
NdGe 0 0.0 0.986347496509552
NdGe 0 0.0 0.986347496509552
NdGe 0 0.0 2.0883193016052246
NdGe 0 0.0 2.729910135269165
NdGe 0 0.0 2.729910135269165
NdGe 0 0.0 4.454859733581543
NdGe 0 0.0 5.180348873138428
NdGe 0 0.0 5.429497241973877
NdGe 0 0.0 5.617798805236816
NdGe 0 0.0 6.0101494789123535
NdGe 0 0.0 6.487846374511719
NdGe 0 0.0 inf
NdGe 1 6.884233474731445 7.032551288604736
NdGe 1 5.698681354522705 6.612006664276123
NdGe 1 5.698681354522705 5.931532382965088
NdGe 1 1.1319760084152222 1.3453102111816406
NdNd 0 0.0 1.2033674716949463
NdNd 0 0.0 3.2759382724761963
NdNd 0 0.0 3.8351681232452393
NdNd 0 0.0 6.355166912078857
NdNd 0 0.0 6.424352645874023
NdNd 0 0.0 6.4402570724487305
NdNd 0 0.0 6.760913848876953
NdNd 0 0.0 6.760913848876953
NdNd 0 0.0 inf
NdNd 1 7.130825042724609 7.4612579345703125
NdNd 1 6.827563285827637 7.856196403503418
NdGe 0 0.0 0.9469131231307983
NdGe 0 0.0 0.9469131231307983
NdGe 0 0.0 0.9469131231307983
NdGe 0 0.0 0.9469131231307983
NdGe 0 0.0 0.9628110527992249
NdGe 0 0.0 0.9628110527992249
NdGe 0 0.0 0.986347496509552
NdGe 0 0.0 0.986347496509552
NdGe 0 0.0 1.1319760084152222
NdGe 0 0.0 1.1319760084152222
NdGe 0 0.0 1.2033674716949463
NdGe 0 0.0 2.0883193016052246
NdGe 0 0.0 2.729910135269165
NdGe 0 0.0 2.729910135269165
NdGe 0 0.0 2.729910135269165
NdGe 0 0.0 2.729910135269165
NdGe 0 0.0 3.8351681232452393
NdGe 0 0.0 3.998093843460083
NdGe 0 0.0 4.043035984039307
NdGe 0 0.0 4.053584575653076
NdGe 0 0.0 4.454859733581543
NdGe 0 0.0 5.042591094970703
NdGe 0 0.0 5.429497241973877
NdGe 0 0.0 5.429497241973877
NdGe 0 0.0 5.617798805236816
NdGe 0 0.0 inf
NdGe 1 6.884233474731445 7.032551288604736
NdGe 1 5.698681354522705 5.931532382965088
NdGe 1 1.1319760084152222 1.3453102111816406
NdGe 1 1.1319760084152222 1.3453102111816406
NdNd 0 0.0 1.3486991292666062e-06
NdNd 0 0.0 6.25559139251709
NdNd 0 0.0 6.25559139251709
NdNd 0 0.0 6.355166912078857
NdNd 0 0.0 6.355166912078857
NdNd 0 0.0 7.288030624389648
NdNd 0 0.0 7.288030624389648
NdNd 0 0.0 inf
NdNd 1 7.3736772537231445 7.952927112579346
NdNd 1 7.3736772537231445 7.952927112579346
NdGe 0 0.0 1.3486991292666062e-06
NdGe 0 0.0 0.9469131231307983
NdGe 0 0.0 0.9469131231307983
NdGe 0 0.0 2.729910135269165
NdGe 0 0.0 2.729910135269165
NdGe 0 0.0 2.729910135269165
NdGe 0 0.0 4.085482120513916
NdGe 0 0.0 4.085482120513916
NdGe 0 0.0 5.042591094970703
NdGe 0 0.0 5.042591094970703
NdGe 0 0.0 6.454681873321533
NdGe 0 0.0 6.454681873321533
NdGe 0 0.0 inf
NdGe 1 7.032551288604736 7.288030624389648
NdNd 0 0.0 1.8899246454238892
NdNd 0 0.0 1.8899246454238892
NdNd 0 0.0 1.8899246454238892
NdNd 0 0.0 1.8899246454238892
NdNd 0 0.0 1.8899246454238892
NdNd 0 0.0 1.8899246454238892
NdNd 0 0.0 3.5411858558654785
NdNd 0 0.0 3.5411858558654785
NdNd 0 0.0 3.5497686862945557
NdNd 0 0.0 3.5978376865386963
NdNd 0 0.0 3.5978376865386963
NdNd 0 0.0 5.759032249450684
NdNd 0 0.0 6.006905555725098
NdNd 0 0.0 6.308382034301758
NdNd 0 0.0 inf
NdNd 1 7.952927112579346 7.958555221557617
NdNd 1 7.952927112579346 7.958555221557617
NdNd 1 3.5978376865386963 4.064019203186035
NdNd 1 3.5978376865386963 4.064019203186035
NdGe 0 0.0 0.9076487421989441
NdGe 0 0.0 0.9076487421989441
NdGe 0 0.0 1.8899246454238892
NdGe 0 0.0 1.8899246454238892
NdGe 0 0.0 1.8899246454238892
NdGe 0 0.0 1.8899246454238892
NdGe 0 0.0 1.8899246454238892
NdGe 0 0.0 1.8899246454238892
NdGe 0 0.0 2.2054708003997803
NdGe 0 0.0 2.4244625568389893
NdGe 0 0.0 2.729910135269165
NdGe 0 0.0 3.5411858558654785
NdGe 0 0.0 3.5411858558654785
NdGe 0 0.0 3.5978376865386963
NdGe 0 0.0 3.5978376865386963
NdGe 0 0.0 4.430954933166504
NdGe 0 0.0 4.430954933166504
NdGe 0 0.0 5.46342134475708
NdGe 0 0.0 6.006905555725098
NdGe 0 0.0 inf
NdGe 1 7.3137898445129395 7.758579730987549
NdGe 1 5.824470520019531 7.117381572723389
NdGe 1 3.5978376865386963 4.064019203186035
NdGe 1 3.5978376865386963 4.064019203186035
NdNd 0 0.0 1.2033674716949463
NdNd 0 0.0 1.2033674716949463
NdNd 0 0.0 1.2033674716949463
NdNd 0 0.0 1.2033674716949463
NdNd 0 0.0 1.2033674716949463
NdNd 0 0.0 1.2033674716949463
NdNd 0 0.0 1.2033674716949463
NdNd 0 0.0 1.2033674716949463
NdNd 0 0.0 1.8899246454238892
NdNd 0 0.0 1.8899246454238892
NdNd 0 0.0 3.3451027870178223
NdNd 0 0.0 3.3451027870178223
NdNd 0 0.0 3.3451027870178223
NdNd 0 0.0 3.3451027870178223
NdNd 0 0.0 6.25559139251709
NdNd 0 0.0 6.25559139251709
NdNd 0 0.0 6.355166912078857
NdNd 0 0.0 6.355166912078857
NdNd 0 0.0 6.4402570724487305
NdNd 0 0.0 6.4402570724487305
NdNd 0 0.0 6.4402570724487305
NdNd 0 0.0 6.4402570724487305
NdNd 0 0.0 inf
NdNd 1 6.760913848876953 6.856805324554443
NdNd 1 6.760913848876953 6.856805324554443
NdNd 1 6.760913848876953 6.856805324554443
NdNd 1 6.760913848876953 6.856805324554443
NdNd 1 6.355166912078857 7.4847331047058105
NdNd 1 6.355166912078857 7.4847331047058105
NdNd 1 6.25559139251709 6.308382034301758
NdNd 1 6.25559139251709 6.308382034301758
NdNd 2 7.4847331047058105 7.580852508544922
NdNd 2 7.4847331047058105 7.580852508544922
NdNd 2 7.4847331047058105 7.952927112579346
NdNd 2 7.4847331047058105 7.580852508544922
NdNd 2 7.4847331047058105 7.580852508544922
NdNd 2 7.4847331047058105 7.952927112579346
NdGe 0 0.0 0.9469131231307983
NdGe 0 0.0 0.9469131231307983
NdGe 0 0.0 1.1319760084152222
NdGe 0 0.0 1.1319760084152222
NdGe 0 0.0 1.2033674716949463
NdGe 0 0.0 1.2033674716949463
NdGe 0 0.0 1.2033674716949463
NdGe 0 0.0 1.2033674716949463
NdGe 0 0.0 1.2033674716949463
NdGe 0 0.0 1.2033674716949463
NdGe 0 0.0 1.2033674716949463
NdGe 0 0.0 1.2033674716949463
NdGe 0 0.0 1.8899246454238892
NdGe 0 0.0 1.8899246454238892
NdGe 0 0.0 2.729910135269165
NdGe 0 0.0 2.729910135269165
NdGe 0 0.0 2.902509927749634
NdGe 0 0.0 3.117711305618286
NdGe 0 0.0 3.3451027870178223
NdGe 0 0.0 3.3451027870178223
NdGe 0 0.0 3.3451027870178223
NdGe 0 0.0 3.3451027870178223
NdGe 0 0.0 4.085482120513916
NdGe 0 0.0 4.085482120513916
NdGe 0 0.0 4.085482120513916
NdGe 0 0.0 5.042591094970703
NdGe 0 0.0 5.042591094970703
NdGe 0 0.0 5.429497241973877
NdGe 0 0.0 5.698681354522705
NdGe 0 0.0 5.698681354522705
NdGe 0 0.0 6.0101494789123535
NdGe 0 0.0 inf
NdGe 1 6.4402570724487305 6.856805324554443
NdGe 1 6.4402570724487305 6.856805324554443
NdGe 1 6.25559139251709 6.308382034301758
NdGe 1 6.25559139251709 6.308382034301758
NdGe 1 6.077900409698486 6.856805324554443
NdGe 1 6.077900409698486 6.856805324554443
NdGe 1 6.077900409698486 6.759495258331299
NdGe 1 5.698681354522705 7.032551288604736
NdGe 1 5.698681354522705 6.759495258331299
NdGe 1 5.46342134475708 6.077900409698486
NdGe 2 7.032551288604736 7.19473934173584
NdNd 0 0.0 1.2033674716949463
NdNd 0 0.0 1.2033674716949463
NdNd 0 0.0 1.8899246454238892
NdNd 0 0.0 1.8899246454238892
NdNd 0 0.0 1.8899246454238892
NdNd 0 0.0 1.8899246454238892
NdNd 0 0.0 3.3451027870178223
NdNd 0 0.0 3.3451027870178223
NdNd 0 0.0 3.3451027870178223
NdNd 0 0.0 3.3451027870178223
NdNd 0 0.0 3.5411858558654785
NdNd 0 0.0 3.5411858558654785
NdNd 0 0.0 4.044885158538818
NdNd 0 0.0 4.044885158538818
NdNd 0 0.0 6.006905555725098
NdNd 0 0.0 6.006905555725098
NdNd 0 0.0 6.308382034301758
NdNd 0 0.0 6.308382034301758
NdNd 0 0.0 inf
NdNd 1 7.952927112579346 7.958555221557617
NdNd 1 7.952927112579346 7.958555221557617
NdNd 1 7.130825042724609 7.3322649002075195
NdNd 1 7.130825042724609 7.3322649002075195
NdNd 2 7.4847331047058105 7.952927112579346
NdGe 0 0.0 0.9076487421989441
NdGe 0 0.0 0.9076487421989441
NdGe 0 0.0 1.1319760084152222
NdGe 0 0.0 1.2033674716949463
NdGe 0 0.0 1.2033674716949463
NdGe 0 0.0 1.8899246454238892
NdGe 0 0.0 1.8899246454238892
NdGe 0 0.0 1.8899246454238892
NdGe 0 0.0 1.8899246454238892
NdGe 0 0.0 2.2054708003997803
NdGe 0 0.0 2.729910135269165
NdGe 0 0.0 2.902509927749634
NdGe 0 0.0 3.3451027870178223
NdGe 0 0.0 3.3451027870178223
NdGe 0 0.0 3.3451027870178223
NdGe 0 0.0 3.3451027870178223
NdGe 0 0.0 3.5411858558654785
NdGe 0 0.0 3.5411858558654785
NdGe 0 0.0 4.044885158538818
NdGe 0 0.0 4.044885158538818
NdGe 0 0.0 4.085482120513916
NdGe 0 0.0 4.430954933166504
NdGe 0 0.0 4.430954933166504
NdGe 0 0.0 5.042591094970703
NdGe 0 0.0 5.46342134475708
NdGe 0 0.0 inf
NdGe 1 7.117381572723389 7.758579730987549
NdGe 1 6.600228309631348 7.3137898445129395
NdGe 1 6.600228309631348 7.3322649002075195
NdGe 1 6.006905555725098 7.117381572723389
NdGe 1 5.698681354522705 7.19473934173584
NdGe 2 7.3322649002075195 7.758579730987549
NdNd 0 0.0 1.9073486328125e-06
NdNd 0 0.0 1.8899246454238892
NdNd 0 0.0 1.8899246454238892
NdNd 0 0.0 1.8899246454238892
NdNd 0 0.0 1.8899246454238892
NdNd 0 0.0 1.8899246454238892
NdNd 0 0.0 1.8899246454238892
NdNd 0 0.0 3.5497686862945557
NdNd 0 0.0 3.5497686862945557
NdNd 0 0.0 3.5978376865386963
NdNd 0 0.0 3.5978376865386963
NdNd 0 0.0 5.759032249450684
NdNd 0 0.0 5.759032249450684
NdNd 0 0.0 6.568211078643799
NdNd 0 0.0 6.568211078643799
NdNd 0 0.0 inf
NdNd 1 7.952927112579346 7.981666088104248
NdNd 1 7.952927112579346 7.958555221557617
NdNd 1 7.952927112579346 7.981666088104248
NdNd 1 7.952927112579346 7.958555221557617
NdNd 1 3.5978376865386963 4.064019203186035
NdNd 1 3.5978376865386963 4.064019203186035
NdGe 0 0.0 1.9073486328125e-06
NdGe 0 0.0 1.8899246454238892
NdGe 0 0.0 1.8899246454238892
NdGe 0 0.0 1.8899246454238892
NdGe 0 0.0 1.8899246454238892
NdGe 0 0.0 1.8899246454238892
NdGe 0 0.0 1.8899246454238892
NdGe 0 0.0 2.4244625568389893
NdGe 0 0.0 2.4244625568389893
NdGe 0 0.0 2.4244625568389893
NdGe 0 0.0 2.729910135269165
NdGe 0 0.0 2.729910135269165
NdGe 0 0.0 3.5978376865386963
NdGe 0 0.0 3.5978376865386963
NdGe 0 0.0 5.759032249450684
NdGe 0 0.0 5.759032249450684
NdGe 0 0.0 5.824470520019531
NdGe 0 0.0 6.454681873321533
NdGe 0 0.0 inf
NdGe 1 6.568211078643799 7.981666088104248
NdGe 1 3.5978376865386963 4.064019203186035
NdGe 1 3.5978376865386963 4.064019203186035
GeNd 0 0.0 1.2033674716949463
GeNd 0 0.0 1.2033674716949463
GeNd 0 0.0 1.2033674716949463
GeNd 0 0.0 3.3451027870178223
GeNd 0 0.0 3.3451027870178223
GeNd 0 0.0 3.3451027870178223
GeNd 0 0.0 3.5978376865386963
GeNd 0 0.0 3.8101613521575928
GeNd 0 0.0 3.8101613521575928
GeNd 0 0.0 4.043035984039307
GeNd 0 0.0 4.085482120513916
GeNd 0 0.0 5.042591094970703
GeNd 0 0.0 5.042591094970703
GeNd 0 0.0 5.312760829925537
GeNd 0 0.0 6.722047328948975
GeNd 0 0.0 inf
GeNd 1 7.3322649002075195 7.617628574371338
GeNd 1 6.722047328948975 7.617628574371338
GeGe 0 0.0 7.952927112579346
GeGe 0 0.0 7.952927112579346
GeGe 0 0.0 inf
GeNd 0 0.0 0.9076487421989441
GeNd 0 0.0 0.9076487421989441
GeNd 0 0.0 0.9076487421989441
GeNd 0 0.0 2.2054708003997803
GeNd 0 0.0 2.2054708003997803
GeNd 0 0.0 2.4244625568389893
GeNd 0 0.0 3.5411858558654785
GeNd 0 0.0 3.5411858558654785
GeNd 0 0.0 3.5978376865386963
GeNd 0 0.0 4.430954933166504
GeNd 0 0.0 4.453939914703369
GeNd 0 0.0 5.46342134475708
GeNd 0 0.0 6.006905555725098
GeNd 0 0.0 inf
GeNd 1 7.117381572723389 7.758579730987549
GeNd 1 6.006905555725098 7.117381572723389
GeGe 0 0.0 2.2054708003997803
GeGe 0 0.0 2.2054708003997803
GeGe 0 0.0 7.325865745544434
GeGe 0 0.0 7.758579730987549
GeGe 0 0.0 7.758579730987549
GeGe 0 0.0 inf
GeNd 0 0.0 2.6973982585332124e-06
GeNd 0 0.0 0.9076487421989441
GeNd 0 0.0 1.2033674716949463
GeNd 0 0.0 2.4244625568389893
GeNd 0 0.0 2.4244625568389893
GeNd 0 0.0 2.729910135269165
GeNd 0 0.0 2.729910135269165
GeNd 0 0.0 3.5411858558654785
GeNd 0 0.0 3.5978376865386963
GeNd 0 0.0 3.5978376865386963
GeNd 0 0.0 4.043035984039307
GeNd 0 0.0 5.759032249450684
GeNd 0 0.0 5.759032249450684
GeNd 0 0.0 7.413751125335693
GeNd 0 0.0 inf
GeNd 1 6.006905555725098 7.117381572723389
GeGe 0 0.0 2.6973982585332124e-06
GeGe 0 0.0 7.325865745544434
GeGe 0 0.0 7.952927112579346
GeGe 0 0.0 7.952927112579346
GeGe 0 0.0 inf
GeNd 0 0.0 1.2033674716949463
GeNd 0 0.0 3.3451027870178223
GeNd 0 0.0 3.3451027870178223
GeNd 0 0.0 4.430954933166504
GeNd 0 0.0 4.430954933166504
GeNd 0 0.0 4.780850887298584
GeNd 0 0.0 4.780850887298584
GeNd 0 0.0 5.617798805236816
GeNd 0 0.0 7.117381572723389
GeNd 0 0.0 inf
GeNd 1 7.340320110321045 7.952927112579346
GeGe 0 0.0 7.952927112579346
GeGe 0 0.0 7.952927112579346
GeGe 0 0.0 inf
GeNd 0 0.0 0.9076487421989441
GeNd 0 0.0 0.9076487421989441
GeNd 0 0.0 0.9076487421989441
GeNd 0 0.0 1.2033674716949463
GeNd 0 0.0 2.2054708003997803
GeNd 0 0.0 2.2054708003997803
GeNd 0 0.0 3.3451027870178223
GeNd 0 0.0 3.3451027870178223
GeNd 0 0.0 3.5411858558654785
GeNd 0 0.0 3.5411858558654785
GeNd 0 0.0 3.8101613521575928
GeNd 0 0.0 3.8101613521575928
GeNd 0 0.0 3.8351681232452393
GeNd 0 0.0 4.043035984039307
GeNd 0 0.0 4.430954933166504
GeNd 0 0.0 4.780850887298584
GeNd 0 0.0 5.617798805236816
GeNd 0 0.0 6.006905555725098
GeNd 0 0.0 inf
GeNd 1 6.006905555725098 7.758579730987549
GeNd 1 6.006905555725098 7.3322649002075195
GeNd 1 4.430954933166504 4.454859733581543
GeGe 0 0.0 2.2054708003997803
GeGe 0 0.0 2.2054708003997803
GeGe 0 0.0 7.325865745544434
GeGe 0 0.0 7.758579730987549
GeGe 0 0.0 7.758579730987549
GeGe 0 0.0 inf
GeNd 0 0.0 2.4244625568389893
GeNd 0 0.0 2.4244625568389893
GeNd 0 0.0 3.5978376865386963
GeNd 0 0.0 3.5978376865386963
GeNd 0 0.0 5.824470520019531
GeNd 0 0.0 5.824470520019531
GeNd 0 0.0 inf
GeGe 0 0.0 7.952927112579346
GeGe 0 0.0 7.952927112579346
GeGe 0 0.0 inf
GeNd 0 0.0 1.2033674716949463
GeNd 0 0.0 1.2033674716949463
GeNd 0 0.0 2.4244625568389893
GeNd 0 0.0 3.5978376865386963
GeNd 0 0.0 4.043035984039307
GeNd 0 0.0 4.430954933166504
GeNd 0 0.0 4.453939914703369
GeNd 0 0.0 4.780850887298584
GeNd 0 0.0 5.184056758880615
GeNd 0 0.0 5.824470520019531
GeNd 0 0.0 7.117381572723389
GeNd 0 0.0 inf
GeNd 1 7.340320110321045 7.952927112579346
GeGe 0 0.0 7.952927112579346
GeGe 0 0.0 7.952927112579346
GeGe 0 0.0 inf
GeNd 0 0.0 0.9076487421989441
GeNd 0 0.0 0.9469131231307983
GeNd 0 0.0 0.9469131231307983
GeNd 0 0.0 1.1319760084152222
GeNd 0 0.0 1.1319760084152222
GeNd 0 0.0 1.2033674716949463
GeNd 0 0.0 1.2033674716949463
GeNd 0 0.0 1.2033674716949463
GeNd 0 0.0 2.729910135269165
GeNd 0 0.0 2.729910135269165
GeNd 0 0.0 3.117711305618286
GeNd 0 0.0 3.3451027870178223
GeNd 0 0.0 3.3451027870178223
GeNd 0 0.0 4.085482120513916
GeNd 0 0.0 4.085482120513916
GeNd 0 0.0 5.042591094970703
GeNd 0 0.0 5.042591094970703
GeNd 0 0.0 6.0101494789123535
GeNd 0 0.0 6.077900409698486
GeNd 0 0.0 inf
GeNd 1 6.722047328948975 6.856805324554443
GeNd 1 6.349827766418457 6.856805324554443
GeNd 1 5.46342134475708 6.077900409698486
GeGe 0 0.0 1.4989441633224487
GeGe 0 0.0 2.0273327827453613
GeGe 0 0.0 2.902509927749634
GeGe 0 0.0 2.902509927749634
GeGe 0 0.0 5.429497241973877
GeGe 0 0.0 7.035897731781006
GeGe 0 0.0 7.035897731781006
GeGe 0 0.0 inf
GeNd 0 0.0 0.9076487421989441
GeNd 0 0.0 0.9076487421989441
GeNd 0 0.0 1.8899246454238892
GeNd 0 0.0 1.8899246454238892
GeNd 0 0.0 1.8899246454238892
GeNd 0 0.0 1.8899246454238892
GeNd 0 0.0 2.2054708003997803
GeNd 0 0.0 2.2054708003997803
GeNd 0 0.0 3.5411858558654785
GeNd 0 0.0 3.5411858558654785
GeNd 0 0.0 4.430954933166504
GeNd 0 0.0 4.430954933166504
GeNd 0 0.0 4.430954933166504
GeNd 0 0.0 6.006905555725098
GeNd 0 0.0 6.38979959487915
GeNd 0 0.0 inf
GeNd 1 7.3137898445129395 7.758579730987549
GeNd 1 7.117381572723389 7.758579730987549
GeGe 0 0.0 2.2054708003997803
GeGe 0 0.0 2.2054708003997803
GeGe 0 0.0 7.325865745544434
GeGe 0 0.0 7.758579730987549
GeGe 0 0.0 7.758579730987549
GeGe 0 0.0 inf
GeNd 0 0.0 0.9628110527992249
GeNd 0 0.0 0.9628110527992249
GeNd 0 0.0 0.986347496509552
GeNd 0 0.0 1.1319760084152222
GeNd 0 0.0 1.8899246454238892
GeNd 0 0.0 1.8899246454238892
GeNd 0 0.0 1.8899246454238892
GeNd 0 0.0 1.8899246454238892
GeNd 0 0.0 1.8899246454238892
GeNd 0 0.0 1.8899246454238892
GeNd 0 0.0 1.8899246454238892
GeNd 0 0.0 2.4244625568389893
GeNd 0 0.0 3.117711305618286
GeNd 0 0.0 3.117711305618286
GeNd 0 0.0 3.2759382724761963
GeNd 0 0.0 3.3451027870178223
GeNd 0 0.0 3.3451027870178223
GeNd 0 0.0 3.3451027870178223
GeNd 0 0.0 3.3451027870178223
GeNd 0 0.0 3.3451027870178223
GeNd 0 0.0 3.3451027870178223
GeNd 0 0.0 3.5978376865386963
GeNd 0 0.0 3.5978376865386963
GeNd 0 0.0 3.5978376865386963
GeNd 0 0.0 3.8351681232452393
GeNd 0 0.0 3.8351681232452393
GeNd 0 0.0 3.8735880851745605
GeNd 0 0.0 4.20991325378418
GeNd 0 0.0 4.715786933898926
GeNd 0 0.0 4.715786933898926
GeNd 0 0.0 inf
GeNd 1 5.180348873138428 6.759495258331299
GeNd 1 5.139683723449707 7.10744571685791
GeNd 1 3.5978376865386963 4.064019203186035
GeNd 1 3.5978376865386963 4.064019203186035
GeNd 1 3.5978376865386963 4.064019203186035
GeNd 2 6.759495258331299 7.077022552490234
GeGe 0 0.0 0.9628110527992249
GeGe 0 0.0 0.9628110527992249
GeGe 0 0.0 0.986347496509552
GeGe 0 0.0 6.759495258331299
GeGe 0 0.0 7.065683841705322
GeGe 0 0.0 7.065683841705322
GeGe 0 0.0 7.10744571685791
GeGe 0 0.0 inf
GeNd 0 0.0 1.9073486328125e-06
GeNd 0 0.0 0.2770164906978607
GeNd 0 0.0 0.2770164906978607
GeNd 0 0.0 0.9076487421989441
GeNd 0 0.0 0.9076487421989441
GeNd 0 0.0 0.9628110527992249
GeNd 0 0.0 0.9628110527992249
GeNd 0 0.0 1.3453102111816406
GeNd 0 0.0 1.8899246454238892
GeNd 0 0.0 1.8899246454238892
GeNd 0 0.0 1.8899246454238892
GeNd 0 0.0 1.8899246454238892
GeNd 0 0.0 1.8899246454238892
GeNd 0 0.0 2.0883193016052246
GeNd 0 0.0 2.0883193016052246
GeNd 0 0.0 2.2054708003997803
GeNd 0 0.0 2.2054708003997803
GeNd 0 0.0 2.4244625568389893
GeNd 0 0.0 2.4244625568389893
GeNd 0 0.0 2.4244625568389893
GeNd 0 0.0 2.729910135269165
GeNd 0 0.0 2.729910135269165
GeNd 0 0.0 3.3451027870178223
GeNd 0 0.0 3.3451027870178223
GeNd 0 0.0 3.3451027870178223
GeNd 0 0.0 3.3451027870178223
GeNd 0 0.0 3.5978376865386963
GeNd 0 0.0 3.5978376865386963
GeNd 0 0.0 4.715786933898926
GeNd 0 0.0 4.715786933898926
GeNd 0 0.0 inf
GeNd 1 7.058668613433838 7.130825042724609
GeNd 1 5.139683723449707 5.698681354522705
GeNd 1 4.053584575653076 4.430954933166504
GeNd 1 4.053584575653076 4.430954933166504
GeNd 1 3.5978376865386963 4.064019203186035
GeNd 1 3.5978376865386963 4.064019203186035
GeGe 0 0.0 1.9073486328125e-06
GeGe 0 0.0 0.9628110527992249
GeGe 0 0.0 0.9628110527992249
GeGe 0 0.0 2.2054708003997803
GeGe 0 0.0 2.2054708003997803
GeGe 0 0.0 3.625946044921875
GeGe 0 0.0 3.6309359073638916
GeGe 0 0.0 4.053584575653076
GeGe 0 0.0 4.053584575653076
GeGe 0 0.0 6.961199760437012
GeGe 0 0.0 6.961199760437012
GeGe 0 0.0 inf
GeNd 0 0.0 1.8899246454238892
GeNd 0 0.0 1.8899246454238892
GeNd 0 0.0 4.20991325378418
GeNd 0 0.0 4.430954933166504
GeNd 0 0.0 5.512290954589844
GeNd 0 0.0 6.38979959487915
GeNd 0 0.0 7.952927112579346
GeNd 0 0.0 inf
GeNd 1 7.3137898445129395 7.952927112579346
GeGe 0 0.0 7.325865745544434
GeGe 0 0.0 7.952927112579346
GeGe 0 0.0 7.952927112579346
GeGe 0 0.0 inf
GeNd 0 0.0 0.9628110527992249
GeNd 0 0.0 0.9628110527992249
GeNd 0 0.0 1.8899246454238892
GeNd 0 0.0 1.8899246454238892
GeNd 0 0.0 3.8351681232452393
GeNd 0 0.0 3.8351681232452393
GeNd 0 0.0 4.20991325378418
GeNd 0 0.0 4.20991325378418
GeNd 0 0.0 5.454182147979736
GeNd 0 0.0 5.454182147979736
GeNd 0 0.0 5.512290954589844
GeNd 0 0.0 5.698681354522705
GeNd 0 0.0 5.698681354522705
GeNd 0 0.0 inf
GeNd 1 6.077900409698486 7.3137898445129395
GeNd 1 6.077900409698486 7.4612579345703125
GeNd 1 6.0101494789123535 6.612006664276123
GeNd 1 6.0101494789123535 6.612006664276123
GeNd 2 7.4612579345703125 7.74267053604126
GeGe 0 0.0 0.9628110527992249
GeGe 0 0.0 0.9628110527992249
GeGe 0 0.0 7.065683841705322
GeGe 0 0.0 7.065683841705322
GeGe 0 0.0 7.74267053604126
GeGe 0 0.0 inf
GeNd 0 0.0 0.986347496509552
GeNd 0 0.0 1.2033674716949463
GeNd 0 0.0 1.2033674716949463
GeNd 0 0.0 1.2033674716949463
GeNd 0 0.0 1.2033674716949463
GeNd 0 0.0 5.698681354522705
GeNd 0 0.0 5.698681354522705
GeNd 0 0.0 5.698681354522705
GeNd 0 0.0 5.698681354522705
GeNd 0 0.0 6.349827766418457
GeNd 0 0.0 6.349827766418457
GeNd 0 0.0 6.4402570724487305
GeNd 0 0.0 6.4402570724487305
GeNd 0 0.0 6.487846374511719
GeNd 0 0.0 6.760913848876953
GeNd 0 0.0 6.7755560874938965
GeNd 0 0.0 inf
GeNd 1 7.249001502990723 7.4847331047058105
GeNd 1 7.249001502990723 7.825893402099609
GeNd 1 7.1257405281066895 7.4847331047058105
GeNd 1 7.1257405281066895 7.856196403503418
GeNd 1 6.7755560874938965 7.4847331047058105
GeNd 1 6.760913848876953 7.4847331047058105
GeNd 1 6.487846374511719 7.4847331047058105
GeNd 2 7.856196403503418 7.887910842895508
GeNd 2 7.4847331047058105 7.580852508544922
GeNd 2 7.4847331047058105 7.580852508544922
GeNd 2 7.4847331047058105 7.952927112579346
GeGe 0 0.0 0.986347496509552
GeGe 0 0.0 7.825893402099609
GeGe 0 0.0 7.952927112579346
GeGe 0 0.0 inf
GeNd 0 0.0 0.9469131231307983
GeNd 0 0.0 0.9469131231307983
GeNd 0 0.0 1.1319760084152222
GeNd 0 0.0 1.2033674716949463
GeNd 0 0.0 1.2033674716949463
GeNd 0 0.0 1.2033674716949463
GeNd 0 0.0 1.2033674716949463
GeNd 0 0.0 1.2033674716949463
GeNd 0 0.0 1.2033674716949463
GeNd 0 0.0 1.2033674716949463
GeNd 0 0.0 1.2033674716949463
GeNd 0 0.0 2.729910135269165
GeNd 0 0.0 2.729910135269165
GeNd 0 0.0 4.085482120513916
GeNd 0 0.0 4.085482120513916
GeNd 0 0.0 5.042591094970703
GeNd 0 0.0 5.429497241973877
GeNd 0 0.0 5.698681354522705
GeNd 0 0.0 5.698681354522705
GeNd 0 0.0 5.698681354522705
GeNd 0 0.0 6.349827766418457
GeNd 0 0.0 6.349827766418457
GeNd 0 0.0 6.349827766418457
GeNd 0 0.0 6.349827766418457
GeNd 0 0.0 inf
GeNd 1 6.4402570724487305 6.856805324554443
GeNd 1 6.4402570724487305 6.856805324554443
GeNd 1 6.4402570724487305 6.856805324554443
GeNd 1 6.4402570724487305 6.856805324554443
GeNd 1 6.25559139251709 7.032551288604736
GeNd 1 6.25559139251709 6.7272210121154785
GeNd 1 6.077900409698486 6.759495258331299
GeNd 1 6.0101494789123535 7.032551288604736
GeGe 0 0.0 2.902509927749634
GeGe 0 0.0 2.902509927749634
GeGe 0 0.0 5.429497241973877
GeGe 0 0.0 7.035897731781006
GeGe 0 0.0 7.035897731781006
GeGe 0 0.0 inf
GeNd 0 0.0 0.9628110527992249
GeNd 0 0.0 0.9628110527992249
GeNd 0 0.0 0.986347496509552
GeNd 0 0.0 1.8899246454238892
GeNd 0 0.0 1.8899246454238892
GeNd 0 0.0 1.8899246454238892
GeNd 0 0.0 1.8899246454238892
GeNd 0 0.0 1.8899246454238892
GeNd 0 0.0 3.3451027870178223
GeNd 0 0.0 3.3451027870178223
GeNd 0 0.0 3.5978376865386963
GeNd 0 0.0 3.8351681232452393
GeNd 0 0.0 3.8351681232452393
GeNd 0 0.0 3.8351681232452393
GeNd 0 0.0 3.8351681232452393
GeNd 0 0.0 3.8351681232452393
GeNd 0 0.0 3.8351681232452393
GeNd 0 0.0 3.8735880851745605
GeNd 0 0.0 4.20991325378418
GeNd 0 0.0 5.454182147979736
GeNd 0 0.0 5.454182147979736
GeNd 0 0.0 5.46342134475708
GeNd 0 0.0 5.512290954589844
GeNd 0 0.0 5.512290954589844
GeNd 0 0.0 inf
GeNd 1 5.698681354522705 6.612006664276123
GeNd 1 5.698681354522705 6.612006664276123
GeNd 1 5.698681354522705 6.612006664276123
GeNd 1 5.698681354522705 6.612006664276123
GeNd 1 5.512290954589844 7.4612579345703125
GeNd 1 3.5978376865386963 4.064019203186035
GeNd 2 7.4612579345703125 7.74267053604126
GeNd 2 6.933794975280762 7.065683841705322
GeNd 2 6.933794975280762 7.065683841705322
GeGe 0 0.0 0.9628110527992249
GeGe 0 0.0 0.9628110527992249
GeGe 0 0.0 0.986347496509552
GeGe 0 0.0 7.065683841705322
GeGe 0 0.0 7.065683841705322
GeGe 0 0.0 7.74267053604126
GeGe 0 0.0 inf
