ZrZr 0 0.0 2.888953924179077
ZrZr 0 0.0 2.888953924179077
ZrZr 0 0.0 2.888953924179077
ZrZr 0 0.0 2.888953924179077
ZrZr 0 0.0 2.888953924179077
ZrZr 0 0.0 2.888953924179077
ZrZr 0 0.0 2.888953924179077
ZrZr 0 0.0 2.888953924179077
ZrZr 0 0.0 2.888953924179077
ZrZr 0 0.0 3.23197603225708
ZrZr 0 0.0 3.23197603225708
ZrZr 0 0.0 3.23197603225708
ZrZr 0 0.0 3.23197603225708
ZrZr 0 0.0 3.23197603225708
ZrZr 0 0.0 3.23197603225708
ZrZr 0 0.0 3.23197603225708
ZrZr 0 0.0 3.23197603225708
ZrZr 0 0.0 3.23197603225708
ZrZr 0 0.0 3.23197603225708
ZrZr 0 0.0 3.23197603225708
ZrZr 0 0.0 3.23197603225708
ZrZr 0 0.0 3.23197603225708
ZrZr 0 0.0 3.23197603225708
ZrZr 0 0.0 3.23197603225708
ZrZr 0 0.0 3.23197603225708
ZrZr 0 0.0 3.23197603225708
ZrZr 0 0.0 3.23197603225708
ZrZr 0 0.0 3.23197603225708
ZrZr 0 0.0 3.23197603225708
ZrZr 0 0.0 3.23197603225708
ZrZr 0 0.0 3.23197603225708
ZrZr 0 0.0 3.23197603225708
ZrZr 0 0.0 3.23197603225708
ZrZr 0 0.0 3.23197603225708
ZrZr 0 0.0 3.23197603225708
ZrZr 0 0.0 3.23197603225708
ZrZr 0 0.0 3.23197603225708
ZrZr 0 0.0 3.23197603225708
ZrZr 0 0.0 3.23197603225708
ZrZr 0 0.0 3.23197603225708
ZrZr 0 0.0 3.23197603225708
ZrZr 0 0.0 3.23197603225708
ZrZr 0 0.0 3.23197603225708
ZrZr 0 0.0 3.23197603225708
ZrZr 0 0.0 3.23197603225708
ZrZr 0 0.0 3.23197603225708
ZrZr 0 0.0 3.23197603225708
ZrZr 0 0.0 3.23197603225708
ZrZr 0 0.0 3.23197603225708
ZrZr 0 0.0 3.23197603225708
ZrZr 0 0.0 3.420846700668335
ZrZr 0 0.0 3.420846700668335
ZrZr 0 0.0 inf
ZrZr 1 4.21403169631958 4.570704460144043
ZrZr 1 3.420846700668335 3.568732738494873
ZrZr 1 3.420846700668335 3.568732738494873
ZrZr 1 3.420846700668335 3.568732738494873
ZrZr 1 3.420846700668335 3.568732738494873
ZrZr 1 3.420846700668335 3.568732738494873
ZrZr 1 3.420846700668335 3.568732738494873
ZrZr 1 3.23197603225708 4.570704460144043
ZrZr 1 3.23197603225708 4.570704460144043
ZrZr 1 3.23197603225708 4.570704460144043
ZrZr 1 3.23197603225708 4.570704460144043
ZrZr 1 3.23197603225708 4.570704460144043
ZrZr 1 3.23197603225708 4.570704460144043
ZrZr 1 3.23197603225708 4.570704460144043
ZrZr 1 3.23197603225708 4.570704460144043
ZrZr 1 3.23197603225708 4.570704460144043
ZrZr 1 3.23197603225708 4.570704460144043
ZrZr 1 3.23197603225708 4.570704460144043
ZrZr 1 3.23197603225708 4.570704460144043
ZrZr 1 3.23197603225708 4.570704460144043
ZrZr 1 3.23197603225708 4.570704460144043
ZrZr 1 3.23197603225708 4.570704460144043
ZrZr 1 3.23197603225708 4.570704460144043
ZrZr 1 3.23197603225708 4.570704460144043
ZrZr 1 3.23197603225708 3.7107293605804443
ZrZr 1 3.23197603225708 4.21403169631958
ZrZr 1 3.23197603225708 3.568732738494873
ZrZr 1 3.23197603225708 3.7107293605804443
ZrZr 1 3.23197603225708 4.21403169631958
ZrZr 1 3.23197603225708 4.21403169631958
ZrZr 1 3.23197603225708 4.21403169631958
ZrZr 1 3.23197603225708 4.21403169631958
ZrZr 1 3.23197603225708 4.21403169631958
ZrZr 1 3.23197603225708 4.21403169631958
ZrZr 1 3.23197603225708 3.7107293605804443
ZrZr 1 3.23197603225708 3.7107293605804443
ZrZr 2 4.21403169631958 4.570704460144043
ZrZr 2 4.21403169631958 4.570704460144043
ZrCu 0 0.0 2.0136051177978516
ZrCu 0 0.0 2.0136051177978516
ZrCu 0 0.0 2.0136051177978516
ZrCu 0 0.0 2.0136051177978516
ZrCu 0 0.0 2.0136051177978516
ZrCu 0 0.0 2.0136051177978516
ZrCu 0 0.0 2.0136051177978516
ZrCu 0 0.0 2.0136051177978516
ZrCu 0 0.0 2.0136051177978516
ZrCu 0 0.0 2.0136051177978516
ZrCu 0 0.0 2.0136051177978516
ZrCu 0 0.0 2.0136051177978516
ZrCu 0 0.0 2.0136051177978516
ZrCu 0 0.0 2.3269073963165283
ZrCu 0 0.0 2.3269073963165283
ZrCu 0 0.0 2.3269073963165283
ZrCu 0 0.0 2.3269073963165283
ZrCu 0 0.0 2.3269073963165283
ZrCu 0 0.0 2.3269073963165283
ZrCu 0 0.0 2.3269073963165283
ZrCu 0 0.0 2.3269073963165283
ZrCu 0 0.0 2.3269073963165283
ZrCu 0 0.0 2.3269073963165283
ZrCu 0 0.0 2.3269073963165283
ZrCu 0 0.0 2.3269073963165283
ZrCu 0 0.0 2.3269073963165283
ZrCu 0 0.0 2.3269073963165283
ZrCu 0 0.0 2.3269073963165283
ZrCu 0 0.0 2.3269073963165283
ZrCu 0 0.0 2.3269073963165283
ZrCu 0 0.0 2.3269073963165283
ZrCu 0 0.0 2.3269073963165283
ZrCu 0 0.0 2.3269073963165283
ZrCu 0 0.0 2.3269073963165283
ZrCu 0 0.0 2.3269073963165283
ZrCu 0 0.0 2.3269073963165283
ZrCu 0 0.0 2.3269073963165283
ZrCu 0 0.0 2.6027660369873047
ZrCu 0 0.0 2.6027660369873047
ZrCu 0 0.0 2.6027660369873047
ZrCu 0 0.0 2.888953924179077
ZrCu 0 0.0 2.888953924179077
ZrCu 0 0.0 2.888953924179077
ZrCu 0 0.0 2.888953924179077
ZrCu 0 0.0 2.888953924179077
ZrCu 0 0.0 2.888953924179077
ZrCu 0 0.0 2.888953924179077
ZrCu 0 0.0 2.888953924179077
ZrCu 0 0.0 2.888953924179077
ZrCu 0 0.0 3.23197603225708
ZrCu 0 0.0 3.23197603225708
ZrCu 0 0.0 3.23197603225708
ZrCu 0 0.0 3.23197603225708
ZrCu 0 0.0 3.23197603225708
ZrCu 0 0.0 3.23197603225708
ZrCu 0 0.0 3.23197603225708
ZrCu 0 0.0 3.23197603225708
ZrCu 0 0.0 3.23197603225708
ZrCu 0 0.0 3.23197603225708
ZrCu 0 0.0 3.23197603225708
ZrCu 0 0.0 3.23197603225708
ZrCu 0 0.0 3.23197603225708
ZrCu 0 0.0 3.23197603225708
ZrCu 0 0.0 3.23197603225708
ZrCu 0 0.0 3.23197603225708
ZrCu 0 0.0 3.23197603225708
ZrCu 0 0.0 3.420846700668335
ZrCu 0 0.0 3.420846700668335
ZrCu 0 0.0 inf
ZrCu 1 5.940346717834473 6.059238433837891
ZrCu 1 5.940346717834473 6.059238433837891
ZrCu 1 5.940346717834473 6.059238433837891
ZrCu 1 5.940346717834473 6.059238433837891
ZrCu 1 5.940346717834473 6.059238433837891
ZrCu 1 5.940346717834473 6.0575151443481445
ZrCu 1 5.940346717834473 6.0575151443481445
ZrCu 1 5.940346717834473 6.0575151443481445
ZrCu 1 5.940346717834473 6.0575151443481445
ZrCu 1 5.940346717834473 6.0575151443481445
ZrCu 1 5.940346717834473 6.0575151443481445
ZrCu 1 5.940346717834473 6.0575151443481445
ZrCu 1 5.29893159866333 6.059238433837891
ZrCu 1 5.29893159866333 6.059238433837891
ZrCu 1 5.29893159866333 6.059238433837891
ZrCu 1 5.29893159866333 6.059238433837891
ZrCu 1 5.29893159866333 6.059238433837891
ZrCu 1 5.29893159866333 6.059238433837891
ZrCu 1 5.29893159866333 6.059238433837891
ZrCu 1 5.29893159866333 6.059238433837891
ZrCu 1 5.29893159866333 6.059238433837891
ZrCu 1 4.21403169631958 4.570704460144043
ZrCu 1 3.420846700668335 3.568732738494873
ZrCu 1 3.420846700668335 3.568732738494873
ZrCu 1 3.420846700668335 3.568732738494873
ZrCu 1 3.420846700668335 3.568732738494873
ZrCu 1 3.420846700668335 3.568732738494873
ZrCu 1 3.420846700668335 3.568732738494873
ZrCu 1 3.23197603225708 4.570704460144043
ZrCu 1 3.23197603225708 4.570704460144043
ZrCu 1 3.23197603225708 4.570704460144043
ZrCu 1 3.23197603225708 4.570704460144043
ZrCu 1 3.23197603225708 4.570704460144043
ZrCu 1 3.23197603225708 4.570704460144043
ZrCu 1 3.23197603225708 3.7107293605804443
ZrCu 1 3.23197603225708 4.21403169631958
ZrCu 1 3.23197603225708 4.570704460144043
ZrCu 1 3.23197603225708 3.568732738494873
ZrCu 1 3.23197603225708 4.570704460144043
ZrCu 1 3.23197603225708 3.7107293605804443
ZrCu 1 3.23197603225708 4.21403169631958
ZrCu 1 3.23197603225708 4.21403169631958
ZrCu 1 3.23197603225708 4.21403169631958
ZrCu 1 3.23197603225708 4.21403169631958
ZrCu 1 3.23197603225708 4.21403169631958
ZrCu 1 3.23197603225708 4.21403169631958
ZrCu 1 3.23197603225708 3.7107293605804443
ZrCu 1 3.23197603225708 3.7107293605804443
ZrCu 1 2.6027660369873047 3.23197603225708
ZrCu 1 2.6027660369873047 3.23197603225708
ZrCu 1 2.6027660369873047 3.23197603225708
ZrCu 1 2.6027660369873047 3.23197603225708
ZrCu 1 2.6027660369873047 3.23197603225708
ZrCu 1 2.6027660369873047 3.23197603225708
ZrCu 1 2.6027660369873047 3.23197603225708
ZrCu 1 2.6027660369873047 3.23197603225708
ZrCu 1 2.6027660369873047 3.23197603225708
ZrCu 1 2.6027660369873047 3.23197603225708
ZrCu 1 2.6027660369873047 3.23197603225708
ZrCu 1 2.6027660369873047 3.23197603225708
ZrCu 1 2.6027660369873047 3.23197603225708
ZrCu 1 2.3269073963165283 3.23197603225708
ZrCu 1 2.3269073963165283 3.23197603225708
ZrCu 1 2.3269073963165283 3.23197603225708
ZrCu 1 2.3269073963165283 3.23197603225708
ZrCu 2 4.21403169631958 4.570704460144043
ZrCu 2 4.21403169631958 4.570704460144043
ZrZr 0 0.0 2.888953924179077
ZrZr 0 0.0 2.888953924179077
ZrZr 0 0.0 2.888953924179077
ZrZr 0 0.0 2.888953924179077
ZrZr 0 0.0 2.888953924179077
ZrZr 0 0.0 2.888953924179077
ZrZr 0 0.0 2.888953924179077
ZrZr 0 0.0 2.888953924179077
ZrZr 0 0.0 2.888953924179077
ZrZr 0 0.0 2.888953924179077
ZrZr 0 0.0 2.888953924179077
ZrZr 0 0.0 2.888953924179077
ZrZr 0 0.0 2.888953924179077
ZrZr 0 0.0 2.888953924179077
ZrZr 0 0.0 2.888953924179077
ZrZr 0 0.0 2.888953924179077
ZrZr 0 0.0 2.888953924179077
ZrZr 0 0.0 3.23197603225708
ZrZr 0 0.0 3.23197603225708
ZrZr 0 0.0 3.23197603225708
ZrZr 0 0.0 3.23197603225708
ZrZr 0 0.0 3.23197603225708
ZrZr 0 0.0 3.23197603225708
ZrZr 0 0.0 3.23197603225708
ZrZr 0 0.0 3.23197603225708
ZrZr 0 0.0 3.23197603225708
ZrZr 0 0.0 3.23197603225708
ZrZr 0 0.0 3.23197603225708
ZrZr 0 0.0 3.23197603225708
ZrZr 0 0.0 3.23197603225708
ZrZr 0 0.0 3.23197603225708
ZrZr 0 0.0 3.23197603225708
ZrZr 0 0.0 3.23197603225708
ZrZr 0 0.0 3.23197603225708
ZrZr 0 0.0 3.23197603225708
ZrZr 0 0.0 3.23197603225708
ZrZr 0 0.0 3.23197603225708
ZrZr 0 0.0 3.23197603225708
ZrZr 0 0.0 3.23197603225708
ZrZr 0 0.0 3.23197603225708
ZrZr 0 0.0 3.23197603225708
ZrZr 0 0.0 3.23197603225708
ZrZr 0 0.0 3.23197603225708
ZrZr 0 0.0 3.23197603225708
ZrZr 0 0.0 3.23197603225708
ZrZr 0 0.0 3.23197603225708
ZrZr 0 0.0 3.23197603225708
ZrZr 0 0.0 3.23197603225708
ZrZr 0 0.0 3.23197603225708
ZrZr 0 0.0 3.23197603225708
ZrZr 0 0.0 3.23197603225708
ZrZr 0 0.0 3.23197603225708
ZrZr 0 0.0 3.23197603225708
ZrZr 0 0.0 3.23197603225708
ZrZr 0 0.0 3.23197603225708
ZrZr 0 0.0 3.23197603225708
ZrZr 0 0.0 3.23197603225708
ZrZr 0 0.0 3.23197603225708
ZrZr 0 0.0 3.420846700668335
ZrZr 0 0.0 3.420846700668335
ZrZr 0 0.0 inf
ZrZr 1 3.420846700668335 3.568732738494873
ZrZr 1 3.420846700668335 3.568732738494873
ZrZr 1 3.420846700668335 3.568732738494873
ZrZr 1 3.420846700668335 3.568732738494873
ZrZr 1 3.420846700668335 3.568732738494873
ZrZr 1 3.420846700668335 3.568732738494873
ZrZr 1 3.420846700668335 3.568732738494873
ZrZr 1 3.420846700668335 3.568732738494873
ZrZr 1 3.420846700668335 3.568732738494873
ZrZr 1 3.420846700668335 3.568732738494873
ZrZr 1 3.420846700668335 3.568732738494873
ZrZr 1 3.420846700668335 3.568732738494873
ZrZr 1 3.420846700668335 3.568732738494873
ZrZr 1 3.420846700668335 3.568732738494873
ZrZr 1 3.420846700668335 3.568732738494873
ZrZr 1 3.23197603225708 3.568732738494873
ZrZr 1 3.23197603225708 4.21403169631958
ZrZr 1 3.23197603225708 3.568732738494873
ZrZr 1 3.23197603225708 3.568732738494873
ZrZr 1 3.23197603225708 4.21403169631958
ZrZr 1 3.23197603225708 3.568732738494873
ZrZr 1 3.23197603225708 3.568732738494873
ZrZr 1 3.23197603225708 3.568732738494873
ZrZr 1 3.23197603225708 4.21403169631958
ZrZr 1 3.23197603225708 4.21403169631958
ZrZr 1 3.23197603225708 4.21403169631958
ZrZr 1 3.23197603225708 4.21403169631958
ZrZr 1 3.23197603225708 4.21403169631958
ZrZr 1 3.23197603225708 4.21403169631958
ZrZr 1 3.23197603225708 4.21403169631958
ZrZr 1 3.23197603225708 4.21403169631958
ZrZr 1 3.23197603225708 4.21403169631958
ZrZr 1 3.23197603225708 4.21403169631958
ZrZr 1 3.23197603225708 4.21403169631958
ZrZr 1 3.23197603225708 4.21403169631958
ZrZr 1 3.23197603225708 4.21403169631958
ZrZr 1 3.23197603225708 3.7107293605804443
ZrZr 1 3.23197603225708 3.7107293605804443
ZrZr 1 3.23197603225708 3.7107293605804443
ZrZr 1 3.23197603225708 3.7107293605804443
ZrZr 1 3.23197603225708 3.7107293605804443
ZrZr 1 3.23197603225708 4.21403169631958
ZrZr 1 3.23197603225708 3.7107293605804443
ZrZr 1 3.23197603225708 3.7107293605804443
ZrZr 1 3.23197603225708 3.7107293605804443
ZrZr 1 3.23197603225708 4.570704460144043
ZrZr 1 3.23197603225708 4.570704460144043
ZrZr 1 3.23197603225708 4.570704460144043
ZrZr 1 3.23197603225708 4.570704460144043
ZrZr 1 3.23197603225708 4.570704460144043
ZrZr 1 3.23197603225708 4.570704460144043
ZrZr 1 3.23197603225708 4.570704460144043
ZrZr 1 3.23197603225708 4.570704460144043
ZrZr 1 3.23197603225708 4.570704460144043
ZrZr 1 3.23197603225708 4.570704460144043
ZrZr 1 3.23197603225708 4.570704460144043
ZrZr 2 4.21403169631958 4.570704460144043
ZrZr 2 4.21403169631958 4.570704460144043
ZrZr 2 4.21403169631958 4.570704460144043
ZrZr 2 4.21403169631958 4.570704460144043
ZrCu 0 0.0 2.888953924179077
ZrCu 0 0.0 2.888953924179077
ZrCu 0 0.0 2.888953924179077
ZrCu 0 0.0 2.888953924179077
ZrCu 0 0.0 2.888953924179077
ZrCu 0 0.0 2.888953924179077
ZrCu 0 0.0 2.888953924179077
ZrCu 0 0.0 2.888953924179077
ZrCu 0 0.0 2.888953924179077
ZrCu 0 0.0 2.888953924179077
ZrCu 0 0.0 2.888953924179077
ZrCu 0 0.0 2.888953924179077
ZrCu 0 0.0 2.888953924179077
ZrCu 0 0.0 2.888953924179077
ZrCu 0 0.0 2.888953924179077
ZrCu 0 0.0 2.888953924179077
ZrCu 0 0.0 2.888953924179077
ZrCu 0 0.0 3.23197603225708
ZrCu 0 0.0 3.23197603225708
ZrCu 0 0.0 3.23197603225708
ZrCu 0 0.0 3.23197603225708
ZrCu 0 0.0 3.23197603225708
ZrCu 0 0.0 3.23197603225708
ZrCu 0 0.0 3.23197603225708
ZrCu 0 0.0 3.23197603225708
ZrCu 0 0.0 3.23197603225708
ZrCu 0 0.0 3.23197603225708
ZrCu 0 0.0 3.23197603225708
ZrCu 0 0.0 3.23197603225708
ZrCu 0 0.0 3.23197603225708
ZrCu 0 0.0 3.23197603225708
ZrCu 0 0.0 3.23197603225708
ZrCu 0 0.0 3.23197603225708
ZrCu 0 0.0 3.23197603225708
ZrCu 0 0.0 3.23197603225708
ZrCu 0 0.0 3.23197603225708
ZrCu 0 0.0 3.23197603225708
ZrCu 0 0.0 3.23197603225708
ZrCu 0 0.0 3.23197603225708
ZrCu 0 0.0 3.23197603225708
ZrCu 0 0.0 3.23197603225708
ZrCu 0 0.0 3.23197603225708
ZrCu 0 0.0 3.23197603225708
ZrCu 0 0.0 3.23197603225708
ZrCu 0 0.0 3.23197603225708
ZrCu 0 0.0 3.23197603225708
ZrCu 0 0.0 3.23197603225708
ZrCu 0 0.0 3.23197603225708
ZrCu 0 0.0 3.23197603225708
ZrCu 0 0.0 3.23197603225708
ZrCu 0 0.0 3.23197603225708
ZrCu 0 0.0 3.23197603225708
ZrCu 0 0.0 3.23197603225708
ZrCu 0 0.0 3.23197603225708
ZrCu 0 0.0 3.23197603225708
ZrCu 0 0.0 3.23197603225708
ZrCu 0 0.0 3.23197603225708
ZrCu 0 0.0 3.23197603225708
ZrCu 0 0.0 3.420846700668335
ZrCu 0 0.0 3.420846700668335
ZrCu 0 0.0 inf
ZrCu 1 3.420846700668335 3.568732738494873
ZrCu 1 3.420846700668335 3.568732738494873
ZrCu 1 3.420846700668335 3.568732738494873
ZrCu 1 3.420846700668335 3.568732738494873
ZrCu 1 3.420846700668335 3.568732738494873
ZrCu 1 3.420846700668335 3.568732738494873
ZrCu 1 3.420846700668335 3.568732738494873
ZrCu 1 3.420846700668335 3.568732738494873
ZrCu 1 3.420846700668335 3.568732738494873
ZrCu 1 3.420846700668335 3.568732738494873
ZrCu 1 3.420846700668335 3.568732738494873
ZrCu 1 3.420846700668335 3.568732738494873
ZrCu 1 3.420846700668335 3.568732738494873
ZrCu 1 3.420846700668335 3.568732738494873
ZrCu 1 3.420846700668335 3.568732738494873
ZrCu 1 3.23197603225708 3.568732738494873
ZrCu 1 3.23197603225708 4.21403169631958
ZrCu 1 3.23197603225708 3.568732738494873
ZrCu 1 3.23197603225708 3.568732738494873
ZrCu 1 3.23197603225708 4.21403169631958
ZrCu 1 3.23197603225708 3.568732738494873
ZrCu 1 3.23197603225708 3.568732738494873
ZrCu 1 3.23197603225708 3.568732738494873
ZrCu 1 3.23197603225708 4.21403169631958
ZrCu 1 3.23197603225708 4.21403169631958
ZrCu 1 3.23197603225708 4.21403169631958
ZrCu 1 3.23197603225708 4.21403169631958
ZrCu 1 3.23197603225708 4.21403169631958
ZrCu 1 3.23197603225708 4.21403169631958
ZrCu 1 3.23197603225708 4.21403169631958
ZrCu 1 3.23197603225708 4.21403169631958
ZrCu 1 3.23197603225708 4.21403169631958
ZrCu 1 3.23197603225708 4.21403169631958
ZrCu 1 3.23197603225708 4.21403169631958
ZrCu 1 3.23197603225708 4.21403169631958
ZrCu 1 3.23197603225708 4.21403169631958
ZrCu 1 3.23197603225708 3.7107293605804443
ZrCu 1 3.23197603225708 3.7107293605804443
ZrCu 1 3.23197603225708 3.7107293605804443
ZrCu 1 3.23197603225708 3.7107293605804443
ZrCu 1 3.23197603225708 3.7107293605804443
ZrCu 1 3.23197603225708 4.21403169631958
ZrCu 1 3.23197603225708 3.7107293605804443
ZrCu 1 3.23197603225708 3.7107293605804443
ZrCu 1 3.23197603225708 3.7107293605804443
ZrCu 1 3.23197603225708 4.570704460144043
ZrCu 1 3.23197603225708 4.570704460144043
ZrCu 1 3.23197603225708 4.570704460144043
ZrCu 1 3.23197603225708 4.570704460144043
ZrCu 1 3.23197603225708 4.570704460144043
ZrCu 1 3.23197603225708 4.570704460144043
ZrCu 1 3.23197603225708 4.570704460144043
ZrCu 1 3.23197603225708 4.570704460144043
ZrCu 1 3.23197603225708 4.570704460144043
ZrCu 1 3.23197603225708 4.570704460144043
ZrCu 1 3.23197603225708 4.570704460144043
ZrCu 2 4.21403169631958 4.570704460144043
ZrCu 2 4.21403169631958 4.570704460144043
ZrCu 2 4.21403169631958 4.570704460144043
ZrCu 2 4.21403169631958 4.570704460144043
CuZr 0 0.0 2.0136051177978516
CuZr 0 0.0 2.0136051177978516
CuZr 0 0.0 2.0136051177978516
CuZr 0 0.0 2.0136051177978516
CuZr 0 0.0 2.0136051177978516
CuZr 0 0.0 2.3269073963165283
CuZr 0 0.0 2.3269073963165283
CuZr 0 0.0 2.3269073963165283
CuZr 0 0.0 2.3269073963165283
CuZr 0 0.0 2.3269073963165283
CuZr 0 0.0 2.3269073963165283
CuZr 0 0.0 2.3269073963165283
CuZr 0 0.0 2.3269073963165283
CuZr 0 0.0 2.3269073963165283
CuZr 0 0.0 2.3269073963165283
CuZr 0 0.0 2.6027660369873047
CuZr 0 0.0 2.6027660369873047
CuZr 0 0.0 3.23197603225708
CuZr 0 0.0 3.23197603225708
CuZr 0 0.0 3.23197603225708
CuZr 0 0.0 3.23197603225708
CuZr 0 0.0 3.23197603225708
CuZr 0 0.0 3.23197603225708
CuZr 0 0.0 3.23197603225708
CuZr 0 0.0 3.23197603225708
CuZr 0 0.0 3.23197603225708
CuZr 0 0.0 3.23197603225708
CuZr 0 0.0 3.23197603225708
CuZr 0 0.0 3.23197603225708
CuZr 0 0.0 3.23197603225708
CuZr 0 0.0 3.23197603225708
CuZr 0 0.0 3.23197603225708
CuZr 0 0.0 3.23197603225708
CuZr 0 0.0 3.23197603225708
CuZr 0 0.0 3.23197603225708
CuZr 0 0.0 3.23197603225708
CuZr 0 0.0 3.23197603225708
CuZr 0 0.0 3.23197603225708
CuZr 0 0.0 3.23197603225708
CuZr 0 0.0 3.23197603225708
CuZr 0 0.0 3.23197603225708
CuZr 0 0.0 3.23197603225708
CuZr 0 0.0 3.23197603225708
CuZr 0 0.0 3.23197603225708
CuZr 0 0.0 3.23197603225708
CuZr 0 0.0 3.23197603225708
CuZr 0 0.0 5.29893159866333
CuZr 0 0.0 5.940346717834473
CuZr 0 0.0 inf
CuZr 1 5.940346717834473 6.059238433837891
CuZr 1 5.940346717834473 6.059238433837891
CuZr 1 5.940346717834473 6.059238433837891
CuZr 1 5.940346717834473 6.059238433837891
CuZr 1 5.29893159866333 6.059238433837891
CuZr 1 3.23197603225708 4.570704460144043
CuZr 1 3.23197603225708 4.570704460144043
CuZr 1 3.23197603225708 4.570704460144043
CuZr 1 3.23197603225708 4.570704460144043
CuZr 1 3.23197603225708 4.570704460144043
CuZr 1 3.23197603225708 4.570704460144043
CuZr 1 3.23197603225708 4.570704460144043
CuZr 1 3.23197603225708 4.570704460144043
CuZr 1 3.23197603225708 4.570704460144043
CuZr 1 3.23197603225708 4.570704460144043
CuZr 1 3.23197603225708 4.570704460144043
CuZr 1 3.23197603225708 4.570704460144043
CuZr 1 3.23197603225708 4.570704460144043
CuZr 1 3.23197603225708 4.570704460144043
CuZr 1 3.23197603225708 4.570704460144043
CuZr 1 3.23197603225708 4.570704460144043
CuZr 1 3.23197603225708 4.570704460144043
CuZr 1 2.6027660369873047 3.23197603225708
CuZr 1 2.6027660369873047 3.23197603225708
CuZr 1 2.6027660369873047 3.23197603225708
CuZr 1 2.6027660369873047 3.23197603225708
CuCu 0 0.0 3.23197603225708
CuCu 0 0.0 3.23197603225708
CuCu 0 0.0 3.23197603225708
CuCu 0 0.0 3.23197603225708
CuCu 0 0.0 3.23197603225708
CuCu 0 0.0 3.23197603225708
CuCu 0 0.0 3.23197603225708
CuCu 0 0.0 3.23197603225708
CuCu 0 0.0 3.23197603225708
CuCu 0 0.0 3.23197603225708
CuCu 0 0.0 3.23197603225708
CuCu 0 0.0 3.23197603225708
CuCu 0 0.0 3.23197603225708
CuCu 0 0.0 3.23197603225708
CuCu 0 0.0 3.23197603225708
CuCu 0 0.0 3.23197603225708
CuCu 0 0.0 3.23197603225708
CuCu 0 0.0 3.23197603225708
CuCu 0 0.0 3.23197603225708
CuCu 0 0.0 3.23197603225708
CuCu 0 0.0 3.23197603225708
CuCu 0 0.0 3.23197603225708
CuCu 0 0.0 3.23197603225708
CuCu 0 0.0 3.23197603225708
CuCu 0 0.0 3.23197603225708
CuCu 0 0.0 3.23197603225708
CuCu 0 0.0 3.23197603225708
CuCu 0 0.0 3.23197603225708
CuCu 0 0.0 3.23197603225708
CuCu 0 0.0 3.23197603225708
CuCu 0 0.0 3.23197603225708
CuCu 0 0.0 3.23197603225708
CuCu 0 0.0 3.23197603225708
CuCu 0 0.0 3.23197603225708
CuCu 0 0.0 3.23197603225708
CuCu 0 0.0 3.23197603225708
CuCu 0 0.0 3.23197603225708
CuCu 0 0.0 3.23197603225708
CuCu 0 0.0 3.23197603225708
CuCu 0 0.0 3.23197603225708
CuCu 0 0.0 6.059238433837891
CuCu 0 0.0 6.059238433837891
CuCu 0 0.0 inf
CuCu 1 3.23197603225708 4.570704460144043
CuCu 1 3.23197603225708 4.570704460144043
CuCu 1 3.23197603225708 4.570704460144043
CuCu 1 3.23197603225708 4.570704460144043
CuCu 1 3.23197603225708 4.570704460144043
CuCu 1 3.23197603225708 4.570704460144043
CuCu 1 3.23197603225708 4.570704460144043
CuCu 1 3.23197603225708 4.570704460144043
CuCu 1 3.23197603225708 4.570704460144043
CuCu 1 3.23197603225708 4.570704460144043
CuCu 1 3.23197603225708 4.570704460144043
CuCu 1 3.23197603225708 4.570704460144043
CuCu 1 3.23197603225708 4.570704460144043
CuCu 1 3.23197603225708 4.570704460144043
CuCu 1 3.23197603225708 4.570704460144043
CuCu 1 3.23197603225708 4.570704460144043
CuCu 1 3.23197603225708 4.570704460144043
CuCu 1 3.23197603225708 4.570704460144043
CuCu 1 3.23197603225708 4.570704460144043
CuCu 1 3.23197603225708 4.570704460144043
