NaNa 0 0.0 inf
NaSi 0 0.0 6.112584114074707
NaSi 0 0.0 inf
NaNa 0 0.0 1.9073486328125e-06
NaNa 0 0.0 inf
NaSi 0 0.0 1.9073486328125e-06
NaSi 0 0.0 inf
NaNa 0 0.0 inf
NaSi 0 0.0 inf
NaNa 0 0.0 1.3486991292666062e-06
NaNa 0 0.0 inf
NaSi 0 0.0 1.3486991292666062e-06
NaSi 0 0.0 6.112584114074707
NaSi 0 0.0 inf
NaNa 0 0.0 inf
NaSi 0 0.0 inf
NaNa 0 0.0 inf
NaSi 0 0.0 6.112584114074707
NaSi 0 0.0 inf
NaNa 0 0.0 inf
NaSi 0 0.0 2.027428388595581
NaSi 0 0.0 inf
NaNa 0 0.0 inf
NaSi 0 0.0 inf
SiNa 0 0.0 2.5891237258911133
SiNa 0 0.0 2.5891237258911133
SiNa 0 0.0 4.394267559051514
SiNa 0 0.0 7.619716167449951
SiNa 0 0.0 7.619716167449951
SiNa 0 0.0 inf
SiSi 0 0.0 2.5891237258911133
SiSi 0 0.0 2.5891237258911133
SiSi 0 0.0 4.394267559051514
SiSi 0 0.0 7.619716167449951
SiSi 0 0.0 7.619716167449951
SiSi 0 0.0 inf
SiNa 0 0.0 2.5891237258911133
SiNa 0 0.0 2.5891237258911133
SiNa 0 0.0 4.394267559051514
SiNa 0 0.0 7.619716167449951
SiNa 0 0.0 7.619716167449951
SiNa 0 0.0 inf
SiSi 0 0.0 2.5891237258911133
SiSi 0 0.0 2.5891237258911133
SiSi 0 0.0 4.394267559051514
SiSi 0 0.0 7.619716167449951
SiSi 0 0.0 7.619716167449951
SiSi 0 0.0 inf
SiNa 0 0.0 2.6973982585332124e-06
SiNa 0 0.0 2.5891237258911133
SiNa 0 0.0 4.394267559051514
SiNa 0 0.0 7.619716167449951
SiNa 0 0.0 inf
SiSi 0 0.0 2.6973982585332124e-06
SiSi 0 0.0 2.5891237258911133
SiSi 0 0.0 4.394267559051514
SiSi 0 0.0 7.619716167449951
SiSi 0 0.0 inf
SiNa 0 0.0 2.5891237258911133
SiNa 0 0.0 4.394267559051514
SiNa 0 0.0 7.619716167449951
SiNa 0 0.0 inf
SiSi 0 0.0 2.5891237258911133
SiSi 0 0.0 4.394267559051514
SiSi 0 0.0 7.619716167449951
SiSi 0 0.0 inf
SiNa 0 0.0 2.5891237258911133
SiNa 0 0.0 4.394267559051514
SiNa 0 0.0 7.619716167449951
SiNa 0 0.0 inf
SiSi 0 0.0 2.5891237258911133
SiSi 0 0.0 4.394267559051514
SiSi 0 0.0 7.619716167449951
SiSi 0 0.0 inf
SiNa 0 0.0 6.217284202575684
SiNa 0 0.0 inf
SiSi 0 0.0 6.217284202575684
SiSi 0 0.0 inf
SiNa 0 0.0 6.217284202575684
SiNa 0 0.0 inf
SiSi 0 0.0 6.217284202575684
SiSi 0 0.0 inf
SiNa 0 0.0 2.5891237258911133
SiNa 0 0.0 4.394267559051514
SiNa 0 0.0 7.619716167449951
SiNa 0 0.0 inf
SiSi 0 0.0 2.5891237258911133
SiSi 0 0.0 4.394267559051514
SiSi 0 0.0 7.619716167449951
SiSi 0 0.0 inf
SiNa 0 0.0 2.5891237258911133
SiNa 0 0.0 4.394267559051514
SiNa 0 0.0 7.619716167449951
SiNa 0 0.0 inf
SiSi 0 0.0 2.5891237258911133
SiSi 0 0.0 4.394267559051514
SiSi 0 0.0 7.619716167449951
SiSi 0 0.0 inf
SiNa 0 0.0 2.5891237258911133
SiNa 0 0.0 4.394267559051514
SiNa 0 0.0 7.619716167449951
SiNa 0 0.0 inf
SiSi 0 0.0 2.5891237258911133
SiSi 0 0.0 4.394267559051514
SiSi 0 0.0 7.619716167449951
SiSi 0 0.0 inf
SiNa 0 0.0 2.5891237258911133
SiNa 0 0.0 2.5891237258911133
SiNa 0 0.0 4.394267559051514
SiNa 0 0.0 7.619716167449951
SiNa 0 0.0 7.619716167449951
SiNa 0 0.0 inf
SiSi 0 0.0 2.5891237258911133
SiSi 0 0.0 2.5891237258911133
SiSi 0 0.0 4.394267559051514
SiSi 0 0.0 7.619716167449951
SiSi 0 0.0 7.619716167449951
SiSi 0 0.0 inf
SiNa 0 0.0 2.5891237258911133
SiNa 0 0.0 2.5891237258911133
SiNa 0 0.0 4.394267559051514
SiNa 0 0.0 7.619716167449951
SiNa 0 0.0 7.619716167449951
SiNa 0 0.0 inf
SiSi 0 0.0 2.5891237258911133
SiSi 0 0.0 2.5891237258911133
SiSi 0 0.0 4.394267559051514
SiSi 0 0.0 7.619716167449951
SiSi 0 0.0 7.619716167449951
SiSi 0 0.0 inf
SiNa 0 0.0 2.5891237258911133
SiNa 0 0.0 2.5891237258911133
SiNa 0 0.0 4.394267559051514
SiNa 0 0.0 7.619716167449951
SiNa 0 0.0 7.619716167449951
SiNa 0 0.0 inf
SiSi 0 0.0 2.5891237258911133
SiSi 0 0.0 2.5891237258911133
SiSi 0 0.0 4.394267559051514
SiSi 0 0.0 7.619716167449951
SiSi 0 0.0 7.619716167449951
SiSi 0 0.0 inf
SiNa 0 0.0 2.027428388595581
SiNa 0 0.0 2.5891237258911133
SiNa 0 0.0 2.5891237258911133
SiNa 0 0.0 2.5891237258911133
SiNa 0 0.0 2.5892446041107178
SiNa 0 0.0 7.619716167449951
SiNa 0 0.0 7.619716167449951
SiNa 0 0.0 7.619716167449951
SiNa 0 0.0 inf
SiNa 1 2.5892446041107178 2.635423183441162
SiNa 1 2.5892446041107178 2.635423183441162
SiSi 0 0.0 2.5891237258911133
SiSi 0 0.0 2.5891237258911133
SiSi 0 0.0 2.5891237258911133
SiSi 0 0.0 4.394267559051514
SiSi 0 0.0 7.619716167449951
SiSi 0 0.0 7.619716167449951
SiSi 0 0.0 7.619716167449951
SiSi 0 0.0 inf
SiNa 0 0.0 inf
SiSi 0 0.0 inf
SiNa 0 0.0 4.394267559051514
SiNa 0 0.0 7.619716167449951
SiNa 0 0.0 inf
SiSi 0 0.0 4.394267559051514
SiSi 0 0.0 7.619716167449951
SiSi 0 0.0 inf
SiNa 0 0.0 3.108816623687744
SiNa 0 0.0 3.7000808715820312
SiNa 0 0.0 4.1198410987854
SiNa 0 0.0 4.276843547821045
SiNa 0 0.0 6.112584114074707
SiNa 0 0.0 inf
SiSi 0 0.0 3.108816623687744
SiSi 0 0.0 3.7000808715820312
SiSi 0 0.0 4.1198410987854
SiSi 0 0.0 4.276843547821045
SiSi 0 0.0 inf
SiNa 0 0.0 3.108816623687744
SiNa 0 0.0 4.1198410987854
SiNa 0 0.0 7.619716167449951
SiNa 0 0.0 inf
SiSi 0 0.0 3.108816623687744
SiSi 0 0.0 4.1198410987854
SiSi 0 0.0 7.619716167449951
SiSi 0 0.0 inf
SiNa 0 0.0 4.394267559051514
SiNa 0 0.0 7.619716167449951
SiNa 0 0.0 inf
SiSi 0 0.0 4.394267559051514
SiSi 0 0.0 7.619716167449951
SiSi 0 0.0 inf
SiNa 0 0.0 3.108816623687744
SiNa 0 0.0 3.7000808715820312
SiNa 0 0.0 4.1198410987854
SiNa 0 0.0 4.276843547821045
SiNa 0 0.0 6.112584114074707
SiNa 0 0.0 inf
SiSi 0 0.0 3.108816623687744
SiSi 0 0.0 3.7000808715820312
SiSi 0 0.0 4.1198410987854
SiSi 0 0.0 4.276843547821045
SiSi 0 0.0 inf
SiNa 0 0.0 3.108816623687744
SiNa 0 0.0 4.1198410987854
SiNa 0 0.0 7.619716167449951
SiNa 0 0.0 inf
SiSi 0 0.0 3.108816623687744
SiSi 0 0.0 4.1198410987854
SiSi 0 0.0 7.619716167449951
SiSi 0 0.0 inf
SiNa 0 0.0 inf
SiSi 0 0.0 inf
SiNa 0 0.0 9.5367431640625e-07
SiNa 0 0.0 inf
SiSi 0 0.0 9.5367431640625e-07
SiSi 0 0.0 inf
SiNa 0 0.0 3.7000808715820312
SiNa 0 0.0 6.56537389755249
SiNa 0 0.0 inf
SiSi 0 0.0 3.7000808715820312
SiSi 0 0.0 6.56537389755249
SiSi 0 0.0 inf
SiNa 0 0.0 3.7000808715820312
SiNa 0 0.0 inf
SiSi 0 0.0 3.7000808715820312
SiSi 0 0.0 inf
SiNa 0 0.0 3.7000808715820312
SiNa 0 0.0 inf
SiSi 0 0.0 3.7000808715820312
SiSi 0 0.0 inf
SiNa 0 0.0 inf
SiSi 0 0.0 inf
SiNa 0 0.0 3.7000808715820312
SiNa 0 0.0 6.56537389755249
SiNa 0 0.0 inf
SiSi 0 0.0 3.7000808715820312
SiSi 0 0.0 6.56537389755249
SiSi 0 0.0 inf
SiNa 0 0.0 inf
SiSi 0 0.0 inf
SiNa 0 0.0 3.7000808715820312
SiNa 0 0.0 6.56537389755249
SiNa 0 0.0 inf
SiSi 0 0.0 3.7000808715820312
SiSi 0 0.0 6.56537389755249
SiSi 0 0.0 inf
SiNa 0 0.0 inf
SiSi 0 0.0 inf
SiNa 0 0.0 3.7000808715820312
SiNa 0 0.0 inf
SiSi 0 0.0 3.7000808715820312
SiSi 0 0.0 inf
SiNa 0 0.0 4.394267559051514
SiNa 0 0.0 7.619716167449951
SiNa 0 0.0 inf
SiSi 0 0.0 4.394267559051514
SiSi 0 0.0 7.619716167449951
SiSi 0 0.0 inf
SiNa 0 0.0 2.5891237258911133
SiNa 0 0.0 3.7000808715820312
SiNa 0 0.0 3.7000808715820312
SiNa 0 0.0 4.276843547821045
SiNa 0 0.0 4.394267559051514
SiNa 0 0.0 6.112584114074707
SiNa 0 0.0 inf
SiSi 0 0.0 2.5891237258911133
SiSi 0 0.0 3.7000808715820312
SiSi 0 0.0 3.7000808715820312
SiSi 0 0.0 4.276843547821045
SiSi 0 0.0 4.394267559051514
SiSi 0 0.0 inf
SiNa 0 0.0 3.108816623687744
SiNa 0 0.0 3.7000808715820312
SiNa 0 0.0 4.1198410987854
SiNa 0 0.0 4.276843547821045
SiNa 0 0.0 6.112584114074707
SiNa 0 0.0 inf
SiSi 0 0.0 3.108816623687744
SiSi 0 0.0 3.7000808715820312
SiSi 0 0.0 4.1198410987854
SiSi 0 0.0 4.276843547821045
SiSi 0 0.0 inf
SiNa 0 0.0 1.3486991292666062e-06
SiNa 0 0.0 2.5891237258911133
SiNa 0 0.0 3.7000808715820312
SiNa 0 0.0 3.7000808715820312
SiNa 0 0.0 4.276843547821045
SiNa 0 0.0 4.394267559051514
SiNa 0 0.0 6.112584114074707
SiNa 0 0.0 inf
SiSi 0 0.0 1.3486991292666062e-06
SiSi 0 0.0 2.5891237258911133
SiSi 0 0.0 3.7000808715820312
SiSi 0 0.0 3.7000808715820312
SiSi 0 0.0 4.276843547821045
SiSi 0 0.0 4.394267559051514
SiSi 0 0.0 inf
SiNa 0 0.0 3.108816623687744
SiNa 0 0.0 4.1198410987854
SiNa 0 0.0 7.619716167449951
SiNa 0 0.0 inf
SiSi 0 0.0 3.108816623687744
SiSi 0 0.0 4.1198410987854
SiSi 0 0.0 7.619716167449951
SiSi 0 0.0 inf
SiNa 0 0.0 2.5891237258911133
SiNa 0 0.0 3.7000808715820312
SiNa 0 0.0 3.7000808715820312
SiNa 0 0.0 4.276843547821045
SiNa 0 0.0 4.394267559051514
SiNa 0 0.0 6.112584114074707
SiNa 0 0.0 inf
SiSi 0 0.0 2.5891237258911133
SiSi 0 0.0 3.7000808715820312
SiSi 0 0.0 3.7000808715820312
SiSi 0 0.0 4.276843547821045
SiSi 0 0.0 4.394267559051514
SiSi 0 0.0 inf
SiNa 0 0.0 2.5891237258911133
SiNa 0 0.0 2.5891237258911133
SiNa 0 0.0 4.394267559051514
SiNa 0 0.0 7.619716167449951
SiNa 0 0.0 7.619716167449951
SiNa 0 0.0 inf
SiSi 0 0.0 2.5891237258911133
SiSi 0 0.0 2.5891237258911133
SiSi 0 0.0 4.394267559051514
SiSi 0 0.0 7.619716167449951
SiSi 0 0.0 7.619716167449951
SiSi 0 0.0 inf
SiNa 0 0.0 2.027428388595581
SiNa 0 0.0 2.5891237258911133
SiNa 0 0.0 2.5891237258911133
SiNa 0 0.0 2.5891237258911133
SiNa 0 0.0 2.5892446041107178
SiNa 0 0.0 7.619716167449951
SiNa 0 0.0 7.619716167449951
SiNa 0 0.0 7.619716167449951
SiNa 0 0.0 inf
SiNa 1 2.5892446041107178 2.635423183441162
SiNa 1 2.5892446041107178 2.635423183441162
SiSi 0 0.0 2.5891237258911133
SiSi 0 0.0 2.5891237258911133
SiSi 0 0.0 2.5891237258911133
SiSi 0 0.0 4.394267559051514
SiSi 0 0.0 7.619716167449951
SiSi 0 0.0 7.619716167449951
SiSi 0 0.0 7.619716167449951
SiSi 0 0.0 inf
SiNa 0 0.0 3.7000808715820312
SiNa 0 0.0 6.56537389755249
SiNa 0 0.0 inf
SiSi 0 0.0 3.7000808715820312
SiSi 0 0.0 6.56537389755249
SiSi 0 0.0 inf
SiNa 0 0.0 3.7000808715820312
SiNa 0 0.0 inf
SiSi 0 0.0 3.7000808715820312
SiSi 0 0.0 inf
SiNa 0 0.0 3.7000808715820312
SiNa 0 0.0 inf
SiSi 0 0.0 3.7000808715820312
SiSi 0 0.0 inf
SiNa 0 0.0 3.7000808715820312
SiNa 0 0.0 6.56537389755249
SiNa 0 0.0 inf
SiSi 0 0.0 3.7000808715820312
SiSi 0 0.0 6.56537389755249
SiSi 0 0.0 inf
SiNa 0 0.0 3.7000808715820312
SiNa 0 0.0 inf
SiSi 0 0.0 3.7000808715820312
SiSi 0 0.0 inf
SiNa 0 0.0 1.3486991292666062e-06
SiNa 0 0.0 3.7000808715820312
SiNa 0 0.0 6.56537389755249
SiNa 0 0.0 inf
SiSi 0 0.0 1.3486991292666062e-06
SiSi 0 0.0 3.7000808715820312
SiSi 0 0.0 6.56537389755249
SiSi 0 0.0 inf
