YbYb 0 0.0 2.7162132263183594
YbYb 0 0.0 2.7162132263183594
YbYb 0 0.0 3.664259195327759
YbYb 0 0.0 4.116340160369873
YbYb 0 0.0 5.346186637878418
YbYb 0 0.0 7.043039798736572
YbYb 0 0.0 inf
YbSb 0 0.0 0.6923379302024841
YbSb 0 0.0 0.6923379302024841
YbSb 0 0.0 1.163159966468811
YbSb 0 0.0 1.163159966468811
YbSb 0 0.0 1.163159966468811
YbSb 0 0.0 2.7162132263183594
YbSb 0 0.0 2.7162132263183594
YbSb 0 0.0 3.664259195327759
YbSb 0 0.0 4.116340160369873
YbSb 0 0.0 5.346186637878418
YbSb 0 0.0 5.694157123565674
YbSb 0 0.0 inf
YbSb 1 6.12568998336792 6.5561652183532715
YbYb 0 0.0 3.0763113498687744
YbYb 0 0.0 3.0763113498687744
YbYb 0 0.0 3.8163256645202637
YbYb 0 0.0 3.9377427101135254
YbYb 0 0.0 3.9377427101135254
YbYb 0 0.0 3.9377427101135254
YbYb 0 0.0 inf
YbSb 0 0.0 2.037524700164795
YbSb 0 0.0 3.0763113498687744
YbSb 0 0.0 3.0763113498687744
YbSb 0 0.0 3.455446243286133
YbSb 0 0.0 3.455446243286133
YbSb 0 0.0 3.455446243286133
YbSb 0 0.0 3.8163256645202637
YbSb 0 0.0 3.9239654541015625
YbSb 0 0.0 3.9239654541015625
YbSb 0 0.0 3.9239654541015625
YbSb 0 0.0 5.615957260131836
YbSb 0 0.0 5.956605911254883
YbSb 0 0.0 6.341095447540283
YbSb 0 0.0 inf
YbYb 0 0.0 3.0763113498687744
YbYb 0 0.0 3.0763113498687744
YbYb 0 0.0 3.0763113498687744
YbYb 0 0.0 3.0763113498687744
YbYb 0 0.0 3.0763113498687744
YbYb 0 0.0 3.0763113498687744
YbYb 0 0.0 3.664259195327759
YbYb 0 0.0 3.664259195327759
YbYb 0 0.0 3.664259195327759
YbYb 0 0.0 3.664259195327759
YbYb 0 0.0 3.8163256645202637
YbYb 0 0.0 3.8163256645202637
YbYb 0 0.0 3.8163256645202637
YbYb 0 0.0 4.3304877281188965
YbYb 0 0.0 5.05889892578125
YbYb 0 0.0 6.262585163116455
YbYb 0 0.0 inf
YbYb 1 6.657400608062744 7.129848480224609
YbYb 1 6.657400608062744 7.129848480224609
YbYb 1 6.262585163116455 7.773279190063477
YbYb 1 6.262585163116455 7.773279190063477
YbYb 1 5.05889892578125 6.336939334869385
YbYb 1 4.3304877281188965 5.30999755859375
YbYb 1 4.3304877281188965 5.311950206756592
YbYb 1 4.3304877281188965 5.311950206756592
YbSb 0 0.0 2.721395254135132
YbSb 0 0.0 2.721395254135132
YbSb 0 0.0 2.721395254135132
YbSb 0 0.0 2.721395254135132
YbSb 0 0.0 2.981504201889038
YbSb 0 0.0 2.981504201889038
YbSb 0 0.0 2.981504201889038
YbSb 0 0.0 3.0763113498687744
YbSb 0 0.0 3.0763113498687744
YbSb 0 0.0 3.0763113498687744
YbSb 0 0.0 3.0763113498687744
YbSb 0 0.0 3.0763113498687744
YbSb 0 0.0 3.0763113498687744
YbSb 0 0.0 3.664259195327759
YbSb 0 0.0 3.664259195327759
YbSb 0 0.0 3.664259195327759
YbSb 0 0.0 3.664259195327759
YbSb 0 0.0 3.8163256645202637
YbSb 0 0.0 3.9290640354156494
YbSb 0 0.0 4.3304877281188965
YbSb 0 0.0 6.262585163116455
YbSb 0 0.0 inf
YbSb 1 6.657400608062744 6.679499626159668
YbSb 1 6.657400608062744 7.129848480224609
YbSb 1 6.262585163116455 7.773279190063477
YbSb 1 6.262585163116455 7.773279190063477
YbSb 1 4.3304877281188965 5.30999755859375
YbSb 1 4.3304877281188965 5.311950206756592
YbSb 1 4.3304877281188965 5.311950206756592
YbYb 0 0.0 3.379682779312134
YbYb 0 0.0 4.064837455749512
YbYb 0 0.0 6.6651482582092285
YbYb 0 0.0 6.892636775970459
YbYb 0 0.0 7.177299499511719
YbYb 0 0.0 inf
YbSb 0 0.0 2.1856348514556885
YbSb 0 0.0 2.1856348514556885
YbSb 0 0.0 2.1856348514556885
YbSb 0 0.0 3.0790176391601562
YbSb 0 0.0 3.379682779312134
YbSb 0 0.0 3.818507432937622
YbSb 0 0.0 5.615957260131836
YbSb 0 0.0 5.895514011383057
YbSb 0 0.0 6.6651482582092285
YbSb 0 0.0 6.892636775970459
YbSb 0 0.0 inf
YbSb 1 6.892636775970459 7.230867385864258
YbSb 1 4.064837455749512 4.335184097290039
YbSb 1 3.455446243286133 3.7004284858703613
YbYb 0 0.0 3.3545587062835693
YbYb 0 0.0 4.043972492218018
YbYb 0 0.0 6.892636775970459
YbYb 0 0.0 inf
YbSb 0 0.0 0.6923379302024841
YbSb 0 0.0 0.6923379302024841
YbSb 0 0.0 0.6923379302024841
YbSb 0 0.0 2.9366579055786133
YbSb 0 0.0 2.9366579055786133
YbSb 0 0.0 2.9366579055786133
YbSb 0 0.0 3.2206168174743652
YbSb 0 0.0 3.4858834743499756
YbSb 0 0.0 3.635535955429077
YbSb 0 0.0 3.9335761070251465
YbSb 0 0.0 4.905886650085449
YbSb 0 0.0 6.031839847564697
YbSb 0 0.0 6.892636775970459
YbSb 0 0.0 inf
YbSb 1 6.892636775970459 6.927320957183838
YbSb 1 6.892636775970459 7.492156028747559
YbSb 1 4.279926300048828 4.335184097290039
YbYb 0 0.0 3.0763113498687744
YbYb 0 0.0 3.0763113498687744
YbYb 0 0.0 3.8163256645202637
YbYb 0 0.0 5.2644500732421875
YbYb 0 0.0 5.2644500732421875
YbYb 0 0.0 5.2644500732421875
YbYb 0 0.0 inf
YbYb 1 6.892636775970459 6.99416446685791
YbYb 1 6.892636775970459 6.99416446685791
YbSb 0 0.0 3.0763113498687744
YbSb 0 0.0 3.0763113498687744
YbSb 0 0.0 3.8163256645202637
YbSb 0 0.0 5.2644500732421875
YbSb 0 0.0 5.2644500732421875
YbSb 0 0.0 5.2644500732421875
YbSb 0 0.0 inf
YbSb 1 6.892636775970459 6.99416446685791
YbSb 1 6.892636775970459 6.99416446685791
YbYb 0 0.0 3.0763113498687744
YbYb 0 0.0 3.3392038345336914
YbYb 0 0.0 3.664259195327759
YbYb 0 0.0 3.8163256645202637
YbYb 0 0.0 5.884785175323486
YbYb 0 0.0 6.9683732986450195
YbYb 0 0.0 inf
YbSb 0 0.0 0.6923379302024841
YbSb 0 0.0 0.6923379302024841
YbSb 0 0.0 0.6923379302024841
YbSb 0 0.0 2.721395254135132
YbSb 0 0.0 2.721395254135132
YbSb 0 0.0 2.721395254135132
YbSb 0 0.0 3.0763113498687744
YbSb 0 0.0 3.3392038345336914
YbSb 0 0.0 3.664259195327759
YbSb 0 0.0 4.482701301574707
YbSb 0 0.0 4.905886650085449
YbSb 0 0.0 5.694157123565674
YbSb 0 0.0 6.031839847564697
YbSb 0 0.0 6.12568998336792
YbSb 0 0.0 inf
YbSb 1 6.12568998336792 6.380187034606934
YbYb 0 0.0 9.5367431640625e-07
YbYb 0 0.0 5.239856719970703
YbYb 0 0.0 5.239856719970703
YbYb 0 0.0 5.2644500732421875
YbYb 0 0.0 5.2644500732421875
YbYb 0 0.0 6.313786029815674
YbYb 0 0.0 6.313786029815674
YbYb 0 0.0 6.892636775970459
YbYb 0 0.0 6.892636775970459
YbYb 0 0.0 inf
YbYb 1 6.892636775970459 6.99416446685791
YbYb 1 6.892636775970459 6.975671768188477
YbYb 1 6.892636775970459 7.81458854675293
YbSb 0 0.0 9.5367431640625e-07
YbSb 0 0.0 1.805637001991272
YbSb 0 0.0 1.805637001991272
YbSb 0 0.0 1.805637001991272
YbSb 0 0.0 1.8118623495101929
YbSb 0 0.0 1.8118623495101929
YbSb 0 0.0 1.8118623495101929
YbSb 0 0.0 2.037524700164795
YbSb 0 0.0 2.037524700164795
YbSb 0 0.0 2.1856348514556885
YbSb 0 0.0 2.1856348514556885
YbSb 0 0.0 3.801150321960449
YbSb 0 0.0 3.801150321960449
YbSb 0 0.0 5.145122051239014
YbSb 0 0.0 5.145122051239014
YbSb 0 0.0 5.145122051239014
YbSb 0 0.0 5.2644500732421875
YbSb 0 0.0 5.2644500732421875
YbSb 0 0.0 5.970983028411865
YbSb 0 0.0 5.970983028411865
YbSb 0 0.0 inf
YbSb 1 6.892636775970459 6.99416446685791
YbSb 1 6.892636775970459 6.975671768188477
YbSb 1 6.892636775970459 7.81458854675293
YbSb 1 6.892636775970459 7.230867385864258
YbSb 1 6.031839847564697 6.552357196807861
YbSb 1 6.031839847564697 6.679499626159668
YbYb 0 0.0 3.0763113498687744
YbYb 0 0.0 3.2401950359344482
YbYb 0 0.0 3.3545587062835693
YbYb 0 0.0 3.3545587062835693
YbYb 0 0.0 3.3545587062835693
YbYb 0 0.0 3.3545587062835693
YbYb 0 0.0 3.574266195297241
YbYb 0 0.0 3.8163256645202637
YbYb 0 0.0 4.043972492218018
YbYb 0 0.0 4.043972492218018
YbYb 0 0.0 5.09112548828125
YbYb 0 0.0 5.239856719970703
YbYb 0 0.0 5.240228176116943
YbYb 0 0.0 5.240228176116943
YbYb 0 0.0 5.725240230560303
YbYb 0 0.0 5.725240230560303
YbYb 0 0.0 inf
YbYb 1 6.1545939445495605 6.313786029815674
YbYb 1 5.30999755859375 6.99416446685791
YbYb 1 5.2644500732421875 5.30999755859375
YbYb 1 5.239856719970703 5.706192970275879
YbSb 0 0.0 1.805637001991272
YbSb 0 0.0 1.805637001991272
YbSb 0 0.0 1.805637001991272
YbSb 0 0.0 1.8118623495101929
YbSb 0 0.0 1.8118623495101929
YbSb 0 0.0 1.8118623495101929
YbSb 0 0.0 1.8240844011306763
YbSb 0 0.0 1.8240844011306763
YbSb 0 0.0 2.037524700164795
YbSb 0 0.0 2.037524700164795
YbSb 0 0.0 2.1856348514556885
YbSb 0 0.0 2.1856348514556885
YbSb 0 0.0 2.1856348514556885
YbSb 0 0.0 2.1856348514556885
YbSb 0 0.0 2.1856348514556885
YbSb 0 0.0 2.2648348808288574
YbSb 0 0.0 2.721395254135132
YbSb 0 0.0 2.721395254135132
YbSb 0 0.0 3.0790176391601562
YbSb 0 0.0 3.0790176391601562
YbSb 0 0.0 3.0790176391601562
YbSb 0 0.0 3.0790176391601562
YbSb 0 0.0 3.3545587062835693
YbSb 0 0.0 3.3545587062835693
YbSb 0 0.0 3.3545587062835693
YbSb 0 0.0 3.3545587062835693
YbSb 0 0.0 3.801150321960449
YbSb 0 0.0 3.801150321960449
YbSb 0 0.0 3.818507432937622
YbSb 0 0.0 4.905886650085449
YbSb 0 0.0 5.09112548828125
YbSb 0 0.0 5.145122051239014
YbSb 0 0.0 5.145122051239014
YbSb 0 0.0 inf
YbSb 1 6.031839847564697 6.552357196807861
YbSb 1 6.031839847564697 6.679499626159668
YbSb 1 5.30999755859375 6.99416446685791
YbSb 1 5.2644500732421875 5.30999755859375
YbSb 1 4.043972492218018 4.335184097290039
YbSb 1 4.043972492218018 4.335184097290039
YbSb 1 3.8527438640594482 4.279926300048828
YbSb 1 3.8527438640594482 3.9290640354156494
YbSb 1 3.818507432937622 3.980471134185791
YbSb 1 3.3935935497283936 3.7004284858703613
YbSb 1 3.3935935497283936 3.7004284858703613
YbSb 1 3.3935935497283936 3.7004284858703613
YbSb 1 3.3935935497283936 3.7004284858703613
YbSb 1 3.121375799179077 3.635535955429077
YbSb 1 3.121375799179077 3.635535955429077
YbYb 0 0.0 6.892636775970459
YbYb 0 0.0 6.892636775970459
YbYb 0 0.0 inf
YbSb 0 0.0 2.721395254135132
YbSb 0 0.0 2.721395254135132
YbSb 0 0.0 5.34882116317749
YbSb 0 0.0 5.34882116317749
YbSb 0 0.0 7.439690589904785
YbSb 0 0.0 inf
SbYb 0 0.0 2.1856348514556885
SbYb 0 0.0 3.0790176391601562
SbYb 0 0.0 3.3545587062835693
SbYb 0 0.0 3.3545587062835693
SbYb 0 0.0 3.3935935497283936
SbYb 0 0.0 3.3935935497283936
SbYb 0 0.0 3.818507432937622
SbYb 0 0.0 5.232577800750732
SbYb 0 0.0 5.2644500732421875
SbYb 0 0.0 5.30999755859375
SbYb 0 0.0 5.677814483642578
SbYb 0 0.0 6.892636775970459
SbYb 0 0.0 inf
SbYb 1 6.892636775970459 7.48070764541626
SbYb 1 6.892636775970459 6.99416446685791
SbYb 1 4.043972492218018 4.335184097290039
SbYb 1 3.3935935497283936 3.7004284858703613
SbSb 0 0.0 3.0790176391601562
SbSb 0 0.0 3.818507432937622
SbSb 0 0.0 6.892636775970459
SbSb 0 0.0 inf
SbYb 0 0.0 2.721395254135132
SbYb 0 0.0 2.721395254135132
SbYb 0 0.0 2.721395254135132
SbYb 0 0.0 2.721395254135132
SbYb 0 0.0 3.0763113498687744
SbYb 0 0.0 3.0763113498687744
SbYb 0 0.0 3.664259195327759
SbYb 0 0.0 3.664259195327759
SbYb 0 0.0 3.968223810195923
SbYb 0 0.0 3.968223810195923
SbYb 0 0.0 3.968223810195923
SbYb 0 0.0 4.3304877281188965
SbYb 0 0.0 4.650023460388184
SbYb 0 0.0 inf
SbYb 1 6.892636775970459 7.482423782348633
SbYb 1 6.892636775970459 7.482423782348633
SbYb 1 4.3304877281188965 5.2644500732421875
SbYb 2 5.30999755859375 5.772128582000732
SbSb 0 0.0 6.892636775970459
SbSb 0 0.0 6.892636775970459
SbSb 0 0.0 inf
SbYb 0 0.0 0.6923379302024841
SbYb 0 0.0 0.6923379302024841
SbYb 0 0.0 0.6923379302024841
SbYb 0 0.0 3.0763113498687744
SbYb 0 0.0 3.0763113498687744
SbYb 0 0.0 3.664259195327759
SbYb 0 0.0 3.664259195327759
SbYb 0 0.0 3.664259195327759
SbYb 0 0.0 3.664259195327759
SbYb 0 0.0 3.8163256645202637
SbYb 0 0.0 3.8163256645202637
SbYb 0 0.0 3.9377427101135254
SbYb 0 0.0 3.9377427101135254
SbYb 0 0.0 4.578037738800049
SbYb 0 0.0 5.9423298835754395
SbYb 0 0.0 5.9423298835754395
SbYb 0 0.0 inf
SbSb 0 0.0 6.892636775970459
SbSb 0 0.0 6.892636775970459
SbSb 0 0.0 inf
SbYb 0 0.0 3.801150321960449
SbYb 0 0.0 3.801150321960449
SbYb 0 0.0 5.970983028411865
SbYb 0 0.0 5.970983028411865
SbYb 0 0.0 6.5561652183532715
SbYb 0 0.0 inf
SbSb 0 0.0 6.892636775970459
SbSb 0 0.0 6.892636775970459
SbSb 0 0.0 inf
SbYb 0 0.0 2.721395254135132
SbYb 0 0.0 2.721395254135132
SbYb 0 0.0 2.721395254135132
SbYb 0 0.0 2.981504201889038
SbYb 0 0.0 2.981504201889038
SbYb 0 0.0 2.981504201889038
SbYb 0 0.0 2.981504201889038
SbYb 0 0.0 3.664259195327759
SbYb 0 0.0 3.664259195327759
SbYb 0 0.0 3.664259195327759
SbYb 0 0.0 3.8722035884857178
SbYb 0 0.0 4.229666709899902
SbYb 0 0.0 4.229666709899902
SbYb 0 0.0 4.3304877281188965
SbYb 0 0.0 4.3304877281188965
SbYb 0 0.0 5.34882116317749
SbYb 0 0.0 5.34882116317749
SbYb 0 0.0 6.131080150604248
SbYb 0 0.0 inf
SbYb 1 6.679499626159668 7.028511047363281
SbYb 1 6.636320114135742 7.028511047363281
SbYb 1 6.571088790893555 7.129848480224609
SbYb 1 5.884785175323486 6.05321741104126
SbYb 1 4.794864654541016 6.262585163116455
SbYb 1 3.664259195327759 4.482701301574707
SbYb 2 7.129848480224609 7.390655040740967
SbSb 0 0.0 3.8722035884857178
SbSb 0 0.0 4.482701301574707
SbSb 0 0.0 6.892636775970459
SbSb 0 0.0 7.390655040740967
SbSb 0 0.0 inf
SbYb 0 0.0 2.1856348514556885
SbYb 0 0.0 2.1856348514556885
SbYb 0 0.0 2.1856348514556885
SbYb 0 0.0 3.0763113498687744
SbYb 0 0.0 3.0763113498687744
SbYb 0 0.0 3.455446243286133
SbYb 0 0.0 3.455446243286133
SbYb 0 0.0 3.455446243286133
SbYb 0 0.0 3.8163256645202637
SbYb 0 0.0 3.9377427101135254
SbYb 0 0.0 5.2644500732421875
SbYb 0 0.0 5.2644500732421875
SbYb 0 0.0 5.2644500732421875
SbYb 0 0.0 inf
SbYb 1 6.892636775970459 7.710289001464844
SbYb 1 6.892636775970459 7.710289001464844
SbYb 1 6.892636775970459 6.99416446685791
SbYb 1 6.892636775970459 6.99416446685791
SbYb 1 6.892636775970459 7.230867385864258
SbYb 1 6.892636775970459 7.230867385864258
SbSb 0 0.0 6.892636775970459
SbSb 0 0.0 6.892636775970459
SbSb 0 0.0 inf
