LaLa 0 0.0 3.814697265625e-06
LaLa 0 0.0 7.043179035186768
LaLa 0 0.0 7.043179035186768
LaLa 0 0.0 7.967992305755615
LaLa 0 0.0 7.967992305755615
LaLa 0 0.0 inf
LaP 0 0.0 3.814697265625e-06
LaP 0 0.0 1.799879789352417
LaP 0 0.0 1.799879789352417
LaP 0 0.0 1.799879789352417
LaP 0 0.0 2.0103602409362793
LaP 0 0.0 2.0103602409362793
LaP 0 0.0 2.754673957824707
LaP 0 0.0 2.754673957824707
LaP 0 0.0 2.754673957824707
LaP 0 0.0 2.8059065341949463
LaP 0 0.0 2.8223299980163574
LaP 0 0.0 3.4128611087799072
LaP 0 0.0 3.6208226680755615
LaP 0 0.0 4.305763244628906
LaP 0 0.0 4.607091426849365
LaP 0 0.0 4.941137790679932
LaP 0 0.0 5.010947227478027
LaP 0 0.0 5.010947227478027
LaP 0 0.0 5.522160053253174
LaP 0 0.0 6.022788047790527
LaP 0 0.0 7.548304557800293
LaP 0 0.0 inf
LaP 1 7.594008445739746 7.967992305755615
LaP 1 5.8916096687316895 6.456789016723633
LaP 1 5.522160053253174 5.747808933258057
LaP 1 5.236875057220459 5.423699378967285
LaP 1 5.080802917480469 5.579653263092041
LaP 1 5.010947227478027 5.778207302093506
LaLa 0 0.0 7.043179035186768
LaLa 0 0.0 7.043179035186768
LaLa 0 0.0 7.967992305755615
LaLa 0 0.0 7.967992305755615
LaLa 0 0.0 inf
LaP 0 0.0 1.8208497762680054
LaP 0 0.0 1.8208497762680054
LaP 0 0.0 2.754673957824707
LaP 0 0.0 2.754673957824707
LaP 0 0.0 4.171001434326172
LaP 0 0.0 4.171001434326172
LaP 0 0.0 4.171001434326172
LaP 0 0.0 4.535400867462158
LaP 0 0.0 4.535400867462158
LaP 0 0.0 4.607204914093018
LaP 0 0.0 5.099602699279785
LaP 0 0.0 5.099602699279785
LaP 0 0.0 5.099602699279785
LaP 0 0.0 5.179087162017822
LaP 0 0.0 5.423699378967285
LaP 0 0.0 6.988529682159424
LaP 0 0.0 inf
LaP 1 7.043179035186768 7.985560894012451
LaP 1 7.043179035186768 7.366763591766357
LaP 1 6.988529682159424 7.002300262451172
LaP 1 6.955073833465576 7.522422790527344
LaP 1 5.522160053253174 6.284379482269287
LaLa 0 0.0 7.043179035186768
LaLa 0 0.0 7.043179035186768
LaLa 0 0.0 7.967992305755615
LaLa 0 0.0 7.967992305755615
LaLa 0 0.0 inf
LaP 0 0.0 2.0103602409362793
LaP 0 0.0 2.754673957824707
LaP 0 0.0 2.754673957824707
LaP 0 0.0 4.559988021850586
LaP 0 0.0 4.559988021850586
LaP 0 0.0 4.559988021850586
LaP 0 0.0 4.606204986572266
LaP 0 0.0 5.154094219207764
LaP 0 0.0 5.154094219207764
LaP 0 0.0 5.522160053253174
LaP 0 0.0 6.7851128578186035
LaP 0 0.0 7.636005878448486
LaP 0 0.0 inf
LaP 1 7.548304557800293 7.967992305755615
LaP 1 6.6804046630859375 7.043179035186768
LaP 1 5.423699378967285 5.596138000488281
LaLa 0 0.0 2.6973982585332124e-06
LaLa 0 0.0 7.043179035186768
LaLa 0 0.0 7.043179035186768
LaLa 0 0.0 7.967992305755615
LaLa 0 0.0 7.967992305755615
LaLa 0 0.0 inf
LaP 0 0.0 2.6973982585332124e-06
LaP 0 0.0 1.8208497762680054
LaP 0 0.0 1.8208497762680054
LaP 0 0.0 1.96499502658844
LaP 0 0.0 1.96499502658844
LaP 0 0.0 2.0752923488616943
LaP 0 0.0 2.397681713104248
LaP 0 0.0 2.5261104106903076
LaP 0 0.0 2.5261104106903076
LaP 0 0.0 2.754673957824707
LaP 0 0.0 3.0419204235076904
LaP 0 0.0 3.6208226680755615
LaP 0 0.0 4.171001434326172
LaP 0 0.0 4.27327299118042
LaP 0 0.0 4.559988021850586
LaP 0 0.0 4.559988021850586
LaP 0 0.0 4.559988021850586
LaP 0 0.0 4.606204986572266
LaP 0 0.0 4.606204986572266
LaP 0 0.0 5.099602699279785
LaP 0 0.0 5.099602699279785
LaP 0 0.0 5.522160053253174
LaP 0 0.0 6.563998222351074
LaP 0 0.0 inf
LaP 1 6.988529682159424 7.043179035186768
LaP 1 6.7851128578186035 7.967992305755615
LaP 1 6.576695919036865 7.7444844245910645
LaP 1 6.38981819152832 6.563998222351074
LaP 1 5.522160053253174 6.284379482269287
LaP 1 5.423699378967285 5.596138000488281
LaP 1 5.423699378967285 5.596138000488281
LaP 2 7.834409713745117 7.967992305755615
PLa 0 0.0 2.397681713104248
PLa 0 0.0 2.5261104106903076
PLa 0 0.0 2.5261104106903076
PLa 0 0.0 2.8059065341949463
PLa 0 0.0 3.718290328979492
PLa 0 0.0 3.718290328979492
PLa 0 0.0 3.718290328979492
PLa 0 0.0 4.606204986572266
PLa 0 0.0 4.898852825164795
PLa 0 0.0 4.898852825164795
PLa 0 0.0 4.898852825164795
PLa 0 0.0 4.964073181152344
PLa 0 0.0 5.398780345916748
PLa 0 0.0 5.398780345916748
PLa 0 0.0 5.979098320007324
PLa 0 0.0 inf
PLa 1 4.86271333694458 4.866469383239746
PP 0 0.0 2.397681713104248
PP 0 0.0 2.5261104106903076
PP 0 0.0 2.5261104106903076
PP 0 0.0 2.8059065341949463
PP 0 0.0 3.718290328979492
PP 0 0.0 3.718290328979492
PP 0 0.0 3.718290328979492
PP 0 0.0 4.606204986572266
PP 0 0.0 4.898852825164795
PP 0 0.0 4.898852825164795
PP 0 0.0 4.898852825164795
PP 0 0.0 4.964073181152344
PP 0 0.0 5.398780345916748
PP 0 0.0 5.398780345916748
PP 0 0.0 5.979098320007324
PP 0 0.0 inf
PP 1 4.86271333694458 4.866469383239746
PLa 0 0.0 1.9073486328125e-06
PLa 0 0.0 1.96499502658844
PLa 0 0.0 2.0748543739318848
PLa 0 0.0 2.1173691749572754
PLa 0 0.0 2.397681713104248
PLa 0 0.0 2.397681713104248
PLa 0 0.0 2.397681713104248
PLa 0 0.0 2.5261104106903076
PLa 0 0.0 2.5261104106903076
PLa 0 0.0 2.583264112472534
PLa 0 0.0 2.8059065341949463
PLa 0 0.0 2.8059065341949463
PLa 0 0.0 2.8223299980163574
PLa 0 0.0 3.6208226680755615
PLa 0 0.0 3.718290328979492
PLa 0 0.0 3.718290328979492
PLa 0 0.0 3.9368693828582764
PLa 0 0.0 4.1748433113098145
PLa 0 0.0 4.606204986572266
PLa 0 0.0 4.606204986572266
PLa 0 0.0 4.898852825164795
PLa 0 0.0 4.898852825164795
PLa 0 0.0 4.964073181152344
PLa 0 0.0 inf
PLa 1 5.579653263092041 6.824489116668701
PLa 1 5.2933783531188965 5.684508323669434
PLa 1 4.86271333694458 4.866469383239746
PP 0 0.0 1.9073486328125e-06
PP 0 0.0 2.0748543739318848
PP 0 0.0 2.1173691749572754
PP 0 0.0 2.397681713104248
PP 0 0.0 2.397681713104248
PP 0 0.0 2.397681713104248
PP 0 0.0 2.5261104106903076
PP 0 0.0 2.5261104106903076
PP 0 0.0 2.583264112472534
PP 0 0.0 2.8059065341949463
PP 0 0.0 2.8059065341949463
PP 0 0.0 2.8223299980163574
PP 0 0.0 3.718290328979492
PP 0 0.0 3.718290328979492
PP 0 0.0 3.718290328979492
PP 0 0.0 4.1748433113098145
PP 0 0.0 4.606204986572266
PP 0 0.0 4.606204986572266
PP 0 0.0 4.898852825164795
PP 0 0.0 4.898852825164795
PP 0 0.0 4.964073181152344
PP 0 0.0 4.964073181152344
PP 0 0.0 inf
PP 1 5.579653263092041 6.824489116668701
PP 1 5.2933783531188965 5.684508323669434
PP 1 4.86271333694458 4.866469383239746
PLa 0 0.0 2.6973982585332124e-06
PLa 0 0.0 1.96499502658844
PLa 0 0.0 2.397681713104248
PLa 0 0.0 2.397681713104248
PLa 0 0.0 2.397681713104248
PLa 0 0.0 2.5261104106903076
PLa 0 0.0 2.5261104106903076
PLa 0 0.0 3.6208226680755615
PLa 0 0.0 3.718290328979492
PLa 0 0.0 3.718290328979492
PLa 0 0.0 4.559988021850586
PLa 0 0.0 4.606204986572266
PLa 0 0.0 4.606204986572266
PLa 0 0.0 4.898852825164795
PLa 0 0.0 4.898852825164795
PLa 0 0.0 4.898852825164795
PLa 0 0.0 5.034061908721924
PLa 0 0.0 5.398780345916748
PLa 0 0.0 inf
PLa 1 5.579653263092041 7.049761772155762
PLa 1 5.423699378967285 5.596138000488281
PLa 2 7.395777225494385 7.775502681732178
PP 0 0.0 2.6973982585332124e-06
PP 0 0.0 2.397681713104248
PP 0 0.0 2.397681713104248
PP 0 0.0 2.397681713104248
PP 0 0.0 2.5261104106903076
PP 0 0.0 2.5261104106903076
PP 0 0.0 3.718290328979492
PP 0 0.0 3.718290328979492
PP 0 0.0 3.718290328979492
PP 0 0.0 4.606204986572266
PP 0 0.0 4.606204986572266
PP 0 0.0 4.898852825164795
PP 0 0.0 4.898852825164795
PP 0 0.0 4.898852825164795
PP 0 0.0 5.034061908721924
PP 0 0.0 5.034061908721924
PP 0 0.0 5.398780345916748
PP 0 0.0 inf
PP 1 5.579653263092041 7.049761772155762
PP 2 7.395777225494385 7.775502681732178
PLa 0 0.0 1.7520958185195923
PLa 0 0.0 1.7520958185195923
PLa 0 0.0 1.7520958185195923
PLa 0 0.0 2.0748543739318848
PLa 0 0.0 2.0748543739318848
PLa 0 0.0 2.265872001647949
PLa 0 0.0 2.265872001647949
PLa 0 0.0 2.265872001647949
PLa 0 0.0 2.397681713104248
PLa 0 0.0 2.5261104106903076
PLa 0 0.0 2.5261104106903076
PLa 0 0.0 2.5261104106903076
PLa 0 0.0 2.7516767978668213
PLa 0 0.0 2.7516767978668213
PLa 0 0.0 2.8223299980163574
PLa 0 0.0 2.8223299980163574
PLa 0 0.0 2.8223299980163574
PLa 0 0.0 3.0419204235076904
PLa 0 0.0 3.218698740005493
PLa 0 0.0 3.218698740005493
PLa 0 0.0 3.218698740005493
PLa 0 0.0 3.283458709716797
PLa 0 0.0 4.224859714508057
PLa 0 0.0 4.224859714508057
PLa 0 0.0 4.224859714508057
PLa 0 0.0 4.431555271148682
PLa 0 0.0 5.778207302093506
PLa 0 0.0 inf
PLa 1 6.824489116668701 7.049761772155762
PLa 1 5.979098320007324 6.577060699462891
PLa 1 5.601032733917236 5.663403034210205
PLa 1 5.103051662445068 6.251718044281006
PLa 1 5.084793567657471 5.596138000488281
PLa 1 4.606204986572266 4.990572452545166
PLa 1 3.741945266723633 3.8683128356933594
PLa 1 3.741945266723633 3.8825161457061768
PLa 2 7.269819736480713 7.636005878448486
PP 0 0.0 1.7520958185195923
PP 0 0.0 1.7520958185195923
PP 0 0.0 1.7520958185195923
PP 0 0.0 2.0748543739318848
PP 0 0.0 2.0748543739318848
PP 0 0.0 2.265872001647949
PP 0 0.0 2.265872001647949
PP 0 0.0 2.265872001647949
PP 0 0.0 2.397681713104248
PP 0 0.0 2.5261104106903076
PP 0 0.0 2.5261104106903076
PP 0 0.0 2.5261104106903076
PP 0 0.0 2.7516767978668213
PP 0 0.0 2.7516767978668213
PP 0 0.0 2.8223299980163574
PP 0 0.0 2.8223299980163574
PP 0 0.0 2.8223299980163574
PP 0 0.0 3.0419204235076904
PP 0 0.0 3.218698740005493
PP 0 0.0 3.218698740005493
PP 0 0.0 3.218698740005493
PP 0 0.0 3.283458709716797
PP 0 0.0 4.224859714508057
PP 0 0.0 4.224859714508057
PP 0 0.0 4.224859714508057
PP 0 0.0 4.431555271148682
PP 0 0.0 5.778207302093506
PP 0 0.0 inf
PP 1 6.824489116668701 7.049761772155762
PP 1 5.979098320007324 6.577060699462891
PP 1 5.601032733917236 5.663403034210205
PP 1 5.103051662445068 6.251718044281006
PP 1 5.084793567657471 5.596138000488281
PP 1 4.606204986572266 4.990572452545166
PP 1 3.741945266723633 3.8683128356933594
PP 1 3.741945266723633 3.8825161457061768
PP 2 7.269819736480713 7.636005878448486
PLa 0 0.0 1.799879789352417
PLa 0 0.0 2.265872001647949
PLa 0 0.0 2.265872001647949
PLa 0 0.0 2.265872001647949
PLa 0 0.0 2.265872001647949
PLa 0 0.0 2.3458385467529297
PLa 0 0.0 2.3458385467529297
PLa 0 0.0 2.4080162048339844
PLa 0 0.0 2.4080162048339844
PLa 0 0.0 2.4080162048339844
PLa 0 0.0 2.597513198852539
PLa 0 0.0 2.8059065341949463
PLa 0 0.0 2.8059065341949463
PLa 0 0.0 2.8223299980163574
PLa 0 0.0 2.8223299980163574
PLa 0 0.0 2.8223299980163574
PLa 0 0.0 2.8223299980163574
PLa 0 0.0 3.0419204235076904
PLa 0 0.0 3.1727304458618164
PLa 0 0.0 3.218698740005493
PLa 0 0.0 3.8683128356933594
PLa 0 0.0 3.8730571269989014
PLa 0 0.0 3.8730571269989014
PLa 0 0.0 3.997450351715088
PLa 0 0.0 4.305763244628906
PLa 0 0.0 4.343345642089844
PLa 0 0.0 4.786067962646484
PLa 0 0.0 5.170128345489502
PLa 0 0.0 inf
PLa 1 6.248452663421631 7.954589366912842
PLa 1 5.542442321777344 5.979098320007324
PLa 1 5.103051662445068 6.251718044281006
PLa 1 4.343345642089844 5.214127540588379
PLa 1 3.7092602252960205 3.7803125381469727
PP 0 0.0 1.799879789352417
PP 0 0.0 2.265872001647949
PP 0 0.0 2.265872001647949
PP 0 0.0 2.265872001647949
PP 0 0.0 2.265872001647949
PP 0 0.0 2.3458385467529297
PP 0 0.0 2.3458385467529297
PP 0 0.0 2.4080162048339844
PP 0 0.0 2.4080162048339844
PP 0 0.0 2.4080162048339844
PP 0 0.0 2.597513198852539
PP 0 0.0 2.8059065341949463
PP 0 0.0 2.8059065341949463
PP 0 0.0 2.8223299980163574
PP 0 0.0 2.8223299980163574
PP 0 0.0 2.8223299980163574
PP 0 0.0 2.8223299980163574
PP 0 0.0 3.0419204235076904
PP 0 0.0 3.1727304458618164
PP 0 0.0 3.218698740005493
PP 0 0.0 3.8683128356933594
PP 0 0.0 3.8730571269989014
PP 0 0.0 3.8730571269989014
PP 0 0.0 3.997450351715088
PP 0 0.0 4.305763244628906
PP 0 0.0 4.343345642089844
PP 0 0.0 4.786067962646484
PP 0 0.0 5.170128345489502
PP 0 0.0 inf
PP 1 6.248452663421631 7.954589366912842
PP 1 5.542442321777344 5.979098320007324
PP 1 5.103051662445068 6.251718044281006
PP 1 4.343345642089844 5.214127540588379
PP 1 3.7092602252960205 3.7803125381469727
PLa 0 0.0 3.1727304458618164
PLa 0 0.0 3.1727304458618164
PLa 0 0.0 3.1727304458618164
PLa 0 0.0 5.214127540588379
PLa 0 0.0 5.214127540588379
PLa 0 0.0 6.447096347808838
PLa 0 0.0 6.447096347808838
PLa 0 0.0 inf
PP 0 0.0 3.1727304458618164
PP 0 0.0 3.1727304458618164
PP 0 0.0 3.1727304458618164
PP 0 0.0 5.214127540588379
PP 0 0.0 5.214127540588379
PP 0 0.0 6.447096347808838
PP 0 0.0 6.447096347808838
PP 0 0.0 inf
PLa 0 0.0 2.1918623447418213
PLa 0 0.0 2.265872001647949
PLa 0 0.0 2.265872001647949
PLa 0 0.0 2.4080162048339844
PLa 0 0.0 2.4080162048339844
PLa 0 0.0 2.677344799041748
PLa 0 0.0 2.677344799041748
PLa 0 0.0 2.677344799041748
PLa 0 0.0 2.8223299980163574
PLa 0 0.0 2.8223299980163574
PLa 0 0.0 3.1727304458618164
PLa 0 0.0 3.1727304458618164
PLa 0 0.0 3.1727304458618164
PLa 0 0.0 3.4128611087799072
PLa 0 0.0 3.471195936203003
PLa 0 0.0 4.1748433113098145
PLa 0 0.0 4.305763244628906
PLa 0 0.0 4.343345642089844
PLa 0 0.0 4.607091426849365
PLa 0 0.0 4.737456798553467
PLa 0 0.0 4.786067962646484
PLa 0 0.0 5.8916096687316895
PLa 0 0.0 inf
PLa 1 5.960818290710449 6.857319355010986
PLa 1 5.080802917480469 5.979098320007324
PLa 1 5.080802917480469 5.579653263092041
PLa 1 4.786067962646484 5.979098320007324
PLa 1 4.343345642089844 5.214127540588379
PP 0 0.0 2.265872001647949
PP 0 0.0 2.265872001647949
PP 0 0.0 2.4080162048339844
PP 0 0.0 2.4080162048339844
PP 0 0.0 2.677344799041748
PP 0 0.0 2.677344799041748
PP 0 0.0 2.677344799041748
PP 0 0.0 2.8223299980163574
PP 0 0.0 2.8223299980163574
PP 0 0.0 3.1727304458618164
PP 0 0.0 3.1727304458618164
PP 0 0.0 3.1727304458618164
PP 0 0.0 3.4128611087799072
PP 0 0.0 3.471195936203003
PP 0 0.0 4.1748433113098145
PP 0 0.0 4.305763244628906
PP 0 0.0 4.343345642089844
PP 0 0.0 4.607091426849365
PP 0 0.0 4.737456798553467
PP 0 0.0 4.786067962646484
PP 0 0.0 5.8916096687316895
PP 0 0.0 inf
PP 1 5.960818290710449 6.857319355010986
PP 1 5.080802917480469 5.979098320007324
PP 1 5.080802917480469 5.579653263092041
PP 1 4.786067962646484 5.979098320007324
PP 1 4.343345642089844 5.214127540588379
PLa 0 0.0 2.397681713104248
PLa 0 0.0 2.583264112472534
PLa 0 0.0 2.8059065341949463
PLa 0 0.0 2.8059065341949463
PLa 0 0.0 3.1727304458618164
PLa 0 0.0 3.1727304458618164
PLa 0 0.0 3.718290328979492
PLa 0 0.0 4.1748433113098145
PLa 0 0.0 4.176088809967041
PLa 0 0.0 4.176088809967041
PLa 0 0.0 4.768947601318359
PLa 0 0.0 4.768947601318359
PLa 0 0.0 5.214127540588379
PLa 0 0.0 5.522160053253174
PLa 0 0.0 inf
PLa 1 6.38981819152832 7.043179035186768
PLa 1 5.497987747192383 6.447109222412109
PP 0 0.0 2.397681713104248
PP 0 0.0 2.583264112472534
PP 0 0.0 2.8059065341949463
PP 0 0.0 2.8059065341949463
PP 0 0.0 3.1727304458618164
PP 0 0.0 3.1727304458618164
PP 0 0.0 3.718290328979492
PP 0 0.0 4.1748433113098145
PP 0 0.0 4.176088809967041
PP 0 0.0 4.176088809967041
PP 0 0.0 4.768947601318359
PP 0 0.0 4.768947601318359
PP 0 0.0 5.214127540588379
PP 0 0.0 5.522160053253174
PP 0 0.0 inf
PP 1 6.38981819152832 7.043179035186768
PP 1 5.497987747192383 6.447109222412109
PLa 0 0.0 3.814697265625e-06
PLa 0 0.0 1.96499502658844
PLa 0 0.0 1.96499502658844
PLa 0 0.0 1.96499502658844
PLa 0 0.0 2.397681713104248
PLa 0 0.0 2.397681713104248
PLa 0 0.0 2.397681713104248
PLa 0 0.0 2.5261104106903076
PLa 0 0.0 2.5261104106903076
PLa 0 0.0 2.5261104106903076
PLa 0 0.0 2.583264112472534
PLa 0 0.0 2.583264112472534
PLa 0 0.0 2.583264112472534
PLa 0 0.0 2.8059065341949463
PLa 0 0.0 2.8059065341949463
PLa 0 0.0 2.8059065341949463
PLa 0 0.0 2.8059065341949463
PLa 0 0.0 3.6208226680755615
PLa 0 0.0 3.6208226680755615
PLa 0 0.0 3.9368693828582764
PLa 0 0.0 3.9368693828582764
PLa 0 0.0 4.1748433113098145
PLa 0 0.0 4.1748433113098145
PLa 0 0.0 4.1748433113098145
PLa 0 0.0 4.176088809967041
PLa 0 0.0 4.176088809967041
PLa 0 0.0 4.305763244628906
PLa 0 0.0 4.606204986572266
PLa 0 0.0 4.768947601318359
PLa 0 0.0 5.522160053253174
PLa 0 0.0 inf
PLa 1 7.03738260269165 7.707382678985596
PLa 1 6.38981819152832 7.043179035186768
PLa 1 5.497987747192383 5.831299781799316
PLa 1 5.423699378967285 5.596138000488281
PLa 1 4.86271333694458 4.866469383239746
PLa 1 4.86271333694458 4.866469383239746
PLa 1 4.768947601318359 5.398780345916748
PLa 1 4.768947601318359 5.398780345916748
PLa 1 4.559988021850586 5.831299781799316
PLa 2 6.479434013366699 6.54831075668335
PLa 2 6.479434013366699 6.54831075668335
PP 0 0.0 3.814697265625e-06
PP 0 0.0 2.397681713104248
PP 0 0.0 2.397681713104248
PP 0 0.0 2.397681713104248
PP 0 0.0 2.5261104106903076
PP 0 0.0 2.5261104106903076
PP 0 0.0 2.5261104106903076
PP 0 0.0 2.583264112472534
PP 0 0.0 2.583264112472534
PP 0 0.0 2.583264112472534
PP 0 0.0 2.8059065341949463
PP 0 0.0 2.8059065341949463
PP 0 0.0 2.8059065341949463
PP 0 0.0 2.8059065341949463
PP 0 0.0 3.718290328979492
PP 0 0.0 3.718290328979492
PP 0 0.0 4.1748433113098145
PP 0 0.0 4.1748433113098145
PP 0 0.0 4.1748433113098145
PP 0 0.0 4.176088809967041
PP 0 0.0 4.176088809967041
PP 0 0.0 4.305763244628906
PP 0 0.0 4.606204986572266
PP 0 0.0 4.768947601318359
PP 0 0.0 4.768947601318359
PP 0 0.0 4.768947601318359
PP 0 0.0 5.522160053253174
PP 0 0.0 inf
PP 1 7.03738260269165 7.707382678985596
PP 1 6.38981819152832 7.043179035186768
PP 1 5.579653263092041 6.479434013366699
PP 1 5.497987747192383 6.479434013366699
PP 1 4.964073181152344 5.398780345916748
PP 1 4.964073181152344 5.398780345916748
PP 1 4.86271333694458 4.866469383239746
PP 1 4.86271333694458 4.866469383239746
PLa 0 0.0 1.96499502658844
PLa 0 0.0 1.96499502658844
PLa 0 0.0 2.0752923488616943
PLa 0 0.0 2.397681713104248
PLa 0 0.0 2.5261104106903076
PLa 0 0.0 2.5261104106903076
PLa 0 0.0 2.583264112472534
PLa 0 0.0 2.754673957824707
PLa 0 0.0 2.8059065341949463
PLa 0 0.0 2.8059065341949463
PLa 0 0.0 2.8059065341949463
PLa 0 0.0 2.8059065341949463
PLa 0 0.0 2.8223299980163574
PLa 0 0.0 2.8223299980163574
PLa 0 0.0 3.0419204235076904
PLa 0 0.0 3.0419204235076904
PLa 0 0.0 3.0419204235076904
PLa 0 0.0 3.1727304458618164
PLa 0 0.0 3.1727304458618164
PLa 0 0.0 3.4128611087799072
PLa 0 0.0 3.4128611087799072
PLa 0 0.0 3.4128611087799072
PLa 0 0.0 3.6208226680755615
PLa 0 0.0 3.8730571269989014
PLa 0 0.0 3.8730571269989014
PLa 0 0.0 3.8730571269989014
PLa 0 0.0 3.9368693828582764
PLa 0 0.0 4.176088809967041
PLa 0 0.0 4.176088809967041
PLa 0 0.0 4.305763244628906
PLa 0 0.0 4.348775863647461
PLa 0 0.0 4.606204986572266
PLa 0 0.0 4.768947601318359
PLa 0 0.0 inf
PLa 1 5.440601348876953 6.344176769256592
PLa 1 5.423699378967285 5.596138000488281
PLa 1 4.86271333694458 5.0205488204956055
PLa 1 4.86271333694458 4.866469383239746
PLa 1 4.768947601318359 5.179087162017822
PLa 1 4.768947601318359 5.179087162017822
PLa 1 4.559988021850586 5.831299781799316
PLa 1 4.535400867462158 5.831299781799316
PLa 1 4.343345642089844 5.214127540588379
PLa 1 4.343345642089844 5.214127540588379
PLa 1 3.9368693828582764 4.171001434326172
PLa 2 6.914764404296875 7.144290447235107
PLa 2 6.479434013366699 6.54831075668335
PP 0 0.0 2.0752923488616943
PP 0 0.0 2.397681713104248
PP 0 0.0 2.5261104106903076
PP 0 0.0 2.5261104106903076
PP 0 0.0 2.583264112472534
PP 0 0.0 2.8059065341949463
PP 0 0.0 2.8059065341949463
PP 0 0.0 2.8059065341949463
PP 0 0.0 2.8059065341949463
PP 0 0.0 2.8223299980163574
PP 0 0.0 2.8223299980163574
PP 0 0.0 3.0419204235076904
PP 0 0.0 3.0419204235076904
PP 0 0.0 3.0419204235076904
PP 0 0.0 3.1727304458618164
PP 0 0.0 3.1727304458618164
PP 0 0.0 3.4128611087799072
PP 0 0.0 3.4128611087799072
PP 0 0.0 3.4128611087799072
PP 0 0.0 3.718290328979492
PP 0 0.0 3.8730571269989014
PP 0 0.0 3.8730571269989014
PP 0 0.0 3.8730571269989014
PP 0 0.0 4.176088809967041
PP 0 0.0 4.176088809967041
PP 0 0.0 4.305763244628906
PP 0 0.0 4.348775863647461
PP 0 0.0 4.535400867462158
PP 0 0.0 4.606204986572266
PP 0 0.0 4.768947601318359
PP 0 0.0 inf
PP 1 5.579653263092041 6.479434013366699
PP 1 5.440601348876953 6.344176769256592
PP 1 4.86271333694458 6.914764404296875
PP 1 4.86271333694458 4.866469383239746
PP 1 4.768947601318359 5.179087162017822
PP 1 4.768947601318359 5.179087162017822
PP 1 4.343345642089844 5.214127540588379
PP 1 4.343345642089844 5.214127540588379
PP 2 7.043179035186768 7.302304267883301
PLa 0 0.0 2.397681713104248
PLa 0 0.0 2.583264112472534
PLa 0 0.0 2.8059065341949463
PLa 0 0.0 2.8059065341949463
PLa 0 0.0 2.8059065341949463
PLa 0 0.0 2.8059065341949463
PLa 0 0.0 3.1727304458618164
PLa 0 0.0 3.1727304458618164
PLa 0 0.0 3.718290328979492
PLa 0 0.0 4.1748433113098145
PLa 0 0.0 4.1748433113098145
PLa 0 0.0 4.1748433113098145
PLa 0 0.0 4.176088809967041
PLa 0 0.0 4.176088809967041
PLa 0 0.0 4.305763244628906
PLa 0 0.0 4.606204986572266
PLa 0 0.0 4.768947601318359
PLa 0 0.0 4.768947601318359
PLa 0 0.0 4.768947601318359
PLa 0 0.0 5.522160053253174
PLa 0 0.0 inf
PLa 1 7.03738260269165 7.707382678985596
PLa 1 6.38981819152832 7.043179035186768
PLa 1 5.579653263092041 6.479434013366699
PLa 1 5.497987747192383 6.447109222412109
PLa 1 4.964073181152344 5.398780345916748
PP 0 0.0 2.397681713104248
PP 0 0.0 2.583264112472534
PP 0 0.0 2.8059065341949463
PP 0 0.0 2.8059065341949463
PP 0 0.0 2.8059065341949463
PP 0 0.0 2.8059065341949463
PP 0 0.0 3.1727304458618164
PP 0 0.0 3.1727304458618164
PP 0 0.0 3.718290328979492
PP 0 0.0 4.1748433113098145
PP 0 0.0 4.1748433113098145
PP 0 0.0 4.1748433113098145
PP 0 0.0 4.176088809967041
PP 0 0.0 4.176088809967041
PP 0 0.0 4.305763244628906
PP 0 0.0 4.606204986572266
PP 0 0.0 4.768947601318359
PP 0 0.0 4.768947601318359
PP 0 0.0 4.768947601318359
PP 0 0.0 5.522160053253174
PP 0 0.0 inf
PP 1 7.03738260269165 7.707382678985596
PP 1 6.38981819152832 7.043179035186768
PP 1 5.579653263092041 6.479434013366699
PP 1 5.497987747192383 6.447109222412109
PP 1 4.964073181152344 5.398780345916748
PLa 0 0.0 1.799879789352417
PLa 0 0.0 1.799879789352417
PLa 0 0.0 1.799879789352417
PLa 0 0.0 1.799879789352417
PLa 0 0.0 2.0103602409362793
PLa 0 0.0 2.0752923488616943
PLa 0 0.0 2.1918623447418213
PLa 0 0.0 2.3458385467529297
PLa 0 0.0 2.397681713104248
PLa 0 0.0 2.397681713104248
PLa 0 0.0 2.397681713104248
PLa 0 0.0 2.583264112472534
PLa 0 0.0 2.583264112472534
PLa 0 0.0 2.583264112472534
PLa 0 0.0 2.754673957824707
PLa 0 0.0 2.8059065341949463
PLa 0 0.0 2.8059065341949463
PLa 0 0.0 2.8059065341949463
PLa 0 0.0 3.4128611087799072
PLa 0 0.0 3.7092602252960205
PLa 0 0.0 3.718290328979492
PLa 0 0.0 3.718290328979492
PLa 0 0.0 3.8730571269989014
PLa 0 0.0 4.176088809967041
PLa 0 0.0 4.176088809967041
PLa 0 0.0 4.305763244628906
PLa 0 0.0 4.606204986572266
PLa 0 0.0 4.768947601318359
PLa 0 0.0 4.768947601318359
PLa 0 0.0 4.941137790679932
PLa 0 0.0 5.522160053253174
PLa 0 0.0 inf
PLa 1 7.03738260269165 7.707382678985596
PLa 1 6.38981819152832 7.043179035186768
PLa 1 5.522160053253174 5.747808933258057
PLa 1 5.236875057220459 6.456789016723633
PLa 1 4.964073181152344 5.398780345916748
PLa 1 4.768947601318359 5.179087162017822
PLa 1 4.343345642089844 5.214127540588379
PLa 1 3.7092602252960205 3.7803125381469727
PLa 1 2.8059065341949463 2.9974818229675293
PP 0 0.0 1.799879789352417
PP 0 0.0 1.799879789352417
PP 0 0.0 1.799879789352417
PP 0 0.0 1.799879789352417
PP 0 0.0 2.0752923488616943
PP 0 0.0 2.3458385467529297
PP 0 0.0 2.397681713104248
PP 0 0.0 2.397681713104248
PP 0 0.0 2.397681713104248
PP 0 0.0 2.583264112472534
PP 0 0.0 2.583264112472534
PP 0 0.0 2.583264112472534
PP 0 0.0 2.8059065341949463
PP 0 0.0 2.8059065341949463
PP 0 0.0 2.8059065341949463
PP 0 0.0 2.8059065341949463
PP 0 0.0 3.4128611087799072
PP 0 0.0 3.7092602252960205
PP 0 0.0 3.7092602252960205
PP 0 0.0 3.718290328979492
PP 0 0.0 3.718290328979492
PP 0 0.0 3.8730571269989014
PP 0 0.0 4.176088809967041
PP 0 0.0 4.176088809967041
PP 0 0.0 4.305763244628906
PP 0 0.0 4.606204986572266
PP 0 0.0 4.768947601318359
PP 0 0.0 4.768947601318359
PP 0 0.0 4.941137790679932
PP 0 0.0 5.522160053253174
PP 0 0.0 inf
PP 1 7.03738260269165 7.707382678985596
PP 1 6.38981819152832 7.043179035186768
PP 1 5.579653263092041 6.456789016723633
PP 1 5.522160053253174 5.747808933258057
PP 1 5.236875057220459 6.456789016723633
PP 1 4.964073181152344 5.398780345916748
PP 1 4.768947601318359 5.179087162017822
PP 1 4.343345642089844 5.214127540588379
PP 1 3.7092602252960205 3.7803125381469727
PLa 0 0.0 1.799879789352417
PLa 0 0.0 1.799879789352417
PLa 0 0.0 1.799879789352417
PLa 0 0.0 2.0103602409362793
PLa 0 0.0 2.0103602409362793
PLa 0 0.0 2.1918623447418213
PLa 0 0.0 2.1918623447418213
PLa 0 0.0 2.265872001647949
PLa 0 0.0 2.265872001647949
PLa 0 0.0 2.4080162048339844
PLa 0 0.0 2.4080162048339844
PLa 0 0.0 2.754673957824707
PLa 0 0.0 2.754673957824707
PLa 0 0.0 2.8059065341949463
PLa 0 0.0 2.8059065341949463
PLa 0 0.0 2.8059065341949463
PLa 0 0.0 3.7092602252960205
PLa 0 0.0 4.305763244628906
PLa 0 0.0 4.305763244628906
PLa 0 0.0 4.941137790679932
PLa 0 0.0 4.941137790679932
PLa 0 0.0 5.010947227478027
PLa 0 0.0 5.080802917480469
PLa 0 0.0 5.236875057220459
PLa 0 0.0 6.695552349090576
PLa 0 0.0 inf
PLa 1 5.579653263092041 6.456789016723633
PLa 1 5.522160053253174 5.747808933258057
PLa 1 5.522160053253174 5.747808933258057
PLa 1 5.236875057220459 5.423699378967285
PLa 1 5.236875057220459 5.778207302093506
PLa 1 5.214127540588379 5.579653263092041
PLa 1 5.080802917480469 5.778207302093506
PLa 1 3.1727304458618164 3.2353246212005615
PLa 1 2.8059065341949463 3.2353246212005615
PP 0 0.0 1.799879789352417
PP 0 0.0 1.799879789352417
PP 0 0.0 1.799879789352417
PP 0 0.0 2.265872001647949
PP 0 0.0 2.265872001647949
PP 0 0.0 2.4080162048339844
PP 0 0.0 2.4080162048339844
PP 0 0.0 2.8059065341949463
PP 0 0.0 2.8059065341949463
PP 0 0.0 2.8059065341949463
PP 0 0.0 2.8059065341949463
PP 0 0.0 3.1727304458618164
PP 0 0.0 3.7092602252960205
PP 0 0.0 3.7092602252960205
PP 0 0.0 3.7092602252960205
PP 0 0.0 4.305763244628906
PP 0 0.0 4.305763244628906
PP 0 0.0 4.941137790679932
PP 0 0.0 4.941137790679932
PP 0 0.0 5.080802917480469
PP 0 0.0 5.080802917480469
PP 0 0.0 5.236875057220459
PP 0 0.0 6.695552349090576
PP 0 0.0 inf
PP 1 5.579653263092041 6.456789016723633
PP 1 5.522160053253174 5.747808933258057
PP 1 5.522160053253174 5.747808933258057
PP 1 5.236875057220459 5.778207302093506
PP 1 5.236875057220459 5.778207302093506
PP 1 5.214127540588379 6.456789016723633
PLa 0 0.0 2.0752923488616943
PLa 0 0.0 2.677344799041748
PLa 0 0.0 2.754673957824707
PLa 0 0.0 2.754673957824707
PLa 0 0.0 2.754673957824707
PLa 0 0.0 2.9974818229675293
PLa 0 0.0 3.283458709716797
PLa 0 0.0 3.283458709716797
PLa 0 0.0 3.6208226680755615
PLa 0 0.0 3.6208226680755615
PLa 0 0.0 3.718290328979492
PLa 0 0.0 3.718290328979492
PLa 0 0.0 4.535400867462158
PLa 0 0.0 4.535400867462158
PLa 0 0.0 4.898852825164795
PLa 0 0.0 5.423699378967285
PLa 0 0.0 5.423699378967285
PLa 0 0.0 6.1590895652771
PLa 0 0.0 inf
PLa 1 7.043179035186768 7.427196025848389
PLa 1 7.020423412322998 7.427196025848389
PLa 1 6.242266654968262 7.366763591766357
PLa 1 5.719062328338623 6.461049556732178
PLa 1 5.684508323669434 7.427196025848389
PP 0 0.0 2.0752923488616943
PP 0 0.0 2.677344799041748
PP 0 0.0 2.9974818229675293
PP 0 0.0 3.283458709716797
PP 0 0.0 3.283458709716797
PP 0 0.0 3.718290328979492
PP 0 0.0 3.718290328979492
PP 0 0.0 4.535400867462158
PP 0 0.0 4.535400867462158
PP 0 0.0 4.898852825164795
PP 0 0.0 5.048050880432129
PP 0 0.0 5.048050880432129
PP 0 0.0 5.719062328338623
PP 0 0.0 6.1590895652771
PP 0 0.0 6.461049556732178
PP 0 0.0 inf
PP 1 7.043179035186768 7.501848220825195
PP 1 7.020423412322998 7.967992305755615
PP 1 6.242266654968262 7.678648948669434
PP 1 5.684508323669434 7.967992305755615
PLa 0 0.0 1.96499502658844
PLa 0 0.0 1.96499502658844
PLa 0 0.0 2.0103602409362793
PLa 0 0.0 2.0103602409362793
PLa 0 0.0 2.0103602409362793
PLa 0 0.0 2.397681713104248
PLa 0 0.0 2.397681713104248
PLa 0 0.0 2.5261104106903076
PLa 0 0.0 2.5261104106903076
PLa 0 0.0 2.754673957824707
PLa 0 0.0 3.6208226680755615
PLa 0 0.0 3.6208226680755615
PLa 0 0.0 4.559988021850586
PLa 0 0.0 4.559988021850586
PLa 0 0.0 4.844964504241943
PLa 0 0.0 4.898852825164795
PLa 0 0.0 5.214127540588379
PLa 0 0.0 5.236875057220459
PLa 0 0.0 5.747808933258057
PLa 0 0.0 7.115177631378174
PLa 0 0.0 inf
PLa 1 5.663403034210205 7.049761772155762
PLa 1 5.236875057220459 5.596138000488281
PLa 1 5.236875057220459 5.596138000488281
PLa 2 7.269819736480713 7.636005878448486
PP 0 0.0 2.397681713104248
PP 0 0.0 2.397681713104248
PP 0 0.0 2.5261104106903076
PP 0 0.0 2.5261104106903076
PP 0 0.0 3.7092602252960205
PP 0 0.0 3.7092602252960205
PP 0 0.0 3.7092602252960205
PP 0 0.0 3.718290328979492
PP 0 0.0 4.160221099853516
PP 0 0.0 4.844964504241943
PP 0 0.0 4.844964504241943
PP 0 0.0 4.844964504241943
PP 0 0.0 4.898852825164795
PP 0 0.0 5.214127540588379
PP 0 0.0 5.236875057220459
PP 0 0.0 5.747808933258057
PP 0 0.0 7.115177631378174
PP 0 0.0 inf
PP 1 5.663403034210205 7.049761772155762
PP 1 5.236875057220459 5.596138000488281
PP 1 5.236875057220459 5.596138000488281
PP 2 7.269819736480713 7.636005878448486
PLa 0 0.0 1.96499502658844
PLa 0 0.0 2.397681713104248
PLa 0 0.0 2.397681713104248
PLa 0 0.0 2.5261104106903076
PLa 0 0.0 2.5261104106903076
PLa 0 0.0 2.677344799041748
PLa 0 0.0 2.754673957824707
PLa 0 0.0 3.0419204235076904
PLa 0 0.0 3.6208226680755615
PLa 0 0.0 3.718290328979492
PLa 0 0.0 4.176088809967041
PLa 0 0.0 4.559988021850586
PLa 0 0.0 4.768947601318359
PLa 0 0.0 4.786067962646484
PLa 0 0.0 5.034061908721924
PLa 0 0.0 5.214127540588379
PLa 0 0.0 5.522160053253174
PLa 0 0.0 5.596138000488281
PLa 0 0.0 6.1590895652771
PLa 0 0.0 inf
PLa 1 7.020423412322998 7.967992305755615
PLa 1 6.7851128578186035 7.091835975646973
PLa 1 6.38981819152832 7.043179035186768
PLa 1 6.38981819152832 6.486495018005371
PLa 1 5.684508323669434 6.733921051025391
PLa 1 5.522160053253174 7.043179035186768
PLa 1 5.423699378967285 5.596138000488281
PLa 1 4.898852825164795 7.049761772155762
PLa 2 7.395777225494385 7.553741931915283
PP 0 0.0 2.397681713104248
PP 0 0.0 2.397681713104248
PP 0 0.0 2.5261104106903076
PP 0 0.0 2.5261104106903076
PP 0 0.0 2.677344799041748
PP 0 0.0 3.0419204235076904
PP 0 0.0 3.718290328979492
PP 0 0.0 4.176088809967041
PP 0 0.0 4.768947601318359
PP 0 0.0 4.786067962646484
PP 0 0.0 4.898852825164795
PP 0 0.0 5.034061908721924
PP 0 0.0 5.048050880432129
PP 0 0.0 5.214127540588379
PP 0 0.0 5.522160053253174
PP 0 0.0 5.596138000488281
PP 0 0.0 6.1590895652771
PP 0 0.0 inf
PP 1 7.03738260269165 7.967992305755615
PP 1 7.020423412322998 7.967992305755615
PP 1 6.38981819152832 7.043179035186768
PP 1 6.38981819152832 6.486495018005371
PP 1 5.684508323669434 7.043179035186768
PP 1 5.579653263092041 7.043179035186768
PP 1 5.522160053253174 7.049761772155762
PP 2 7.395777225494385 7.553741931915283
PLa 0 0.0 2.0748543739318848
PLa 0 0.0 2.397681713104248
PLa 0 0.0 2.397681713104248
PLa 0 0.0 2.397681713104248
PLa 0 0.0 2.5261104106903076
PLa 0 0.0 2.5261104106903076
PLa 0 0.0 2.8059065341949463
PLa 0 0.0 2.8059065341949463
PLa 0 0.0 2.8059065341949463
PLa 0 0.0 3.283458709716797
PLa 0 0.0 3.718290328979492
PLa 0 0.0 3.718290328979492
PLa 0 0.0 3.718290328979492
PLa 0 0.0 4.535400867462158
PLa 0 0.0 4.606204986572266
PLa 0 0.0 4.606204986572266
PLa 0 0.0 4.898852825164795
PLa 0 0.0 4.898852825164795
PLa 0 0.0 4.898852825164795
PLa 0 0.0 4.964073181152344
PLa 0 0.0 5.084793567657471
PLa 0 0.0 inf
PLa 1 7.043179035186768 7.501848220825195
PLa 1 5.579653263092041 5.6867995262146
PLa 1 5.497987747192383 5.719062328338623
PLa 1 5.084793567657471 5.719062328338623
PLa 1 4.86271333694458 4.866469383239746
PP 0 0.0 2.0748543739318848
PP 0 0.0 2.397681713104248
PP 0 0.0 2.397681713104248
PP 0 0.0 2.397681713104248
PP 0 0.0 2.5261104106903076
PP 0 0.0 2.5261104106903076
PP 0 0.0 2.8059065341949463
PP 0 0.0 2.8059065341949463
PP 0 0.0 2.8059065341949463
PP 0 0.0 3.283458709716797
PP 0 0.0 3.718290328979492
PP 0 0.0 3.718290328979492
PP 0 0.0 3.718290328979492
PP 0 0.0 4.535400867462158
PP 0 0.0 4.606204986572266
PP 0 0.0 4.606204986572266
PP 0 0.0 4.898852825164795
PP 0 0.0 4.898852825164795
PP 0 0.0 4.898852825164795
PP 0 0.0 4.964073181152344
PP 0 0.0 5.084793567657471
PP 0 0.0 inf
PP 1 7.043179035186768 7.501848220825195
PP 1 5.579653263092041 5.6867995262146
PP 1 5.497987747192383 5.719062328338623
PP 1 5.084793567657471 5.719062328338623
PP 1 4.86271333694458 4.866469383239746
PLa 0 0.0 2.6973982585332124e-06
PLa 0 0.0 1.96499502658844
PLa 0 0.0 1.96499502658844
PLa 0 0.0 2.265872001647949
PLa 0 0.0 2.265872001647949
PLa 0 0.0 2.397681713104248
PLa 0 0.0 2.397681713104248
PLa 0 0.0 2.397681713104248
PLa 0 0.0 2.397681713104248
PLa 0 0.0 2.5261104106903076
PLa 0 0.0 2.5261104106903076
PLa 0 0.0 2.583264112472534
PLa 0 0.0 2.677344799041748
PLa 0 0.0 2.8059065341949463
PLa 0 0.0 2.8059065341949463
PLa 0 0.0 3.0419204235076904
PLa 0 0.0 3.4128611087799072
PLa 0 0.0 3.6208226680755615
PLa 0 0.0 3.718290328979492
PLa 0 0.0 3.718290328979492
PLa 0 0.0 3.8730571269989014
PLa 0 0.0 3.9368693828582764
PLa 0 0.0 4.1748433113098145
PLa 0 0.0 4.176088809967041
PLa 0 0.0 4.348775863647461
PLa 0 0.0 4.606204986572266
PLa 0 0.0 4.898852825164795
PLa 0 0.0 4.898852825164795
PLa 0 0.0 5.440601348876953
PLa 0 0.0 inf
PLa 1 6.284379482269287 6.471767425537109
PLa 1 5.423699378967285 5.596138000488281
PLa 1 5.077027797698975 6.695552349090576
PLa 1 5.034061908721924 6.823418140411377
PLa 1 4.768947601318359 5.398780345916748
PLa 1 4.559988021850586 5.831299781799316
PLa 1 4.343345642089844 5.214127540588379
PLa 2 6.824489116668701 7.395777225494385
PLa 2 6.479434013366699 6.54831075668335
PP 0 0.0 2.6973982585332124e-06
PP 0 0.0 2.265872001647949
PP 0 0.0 2.265872001647949
PP 0 0.0 2.397681713104248
PP 0 0.0 2.397681713104248
PP 0 0.0 2.397681713104248
PP 0 0.0 2.397681713104248
PP 0 0.0 2.5261104106903076
PP 0 0.0 2.5261104106903076
PP 0 0.0 2.583264112472534
PP 0 0.0 2.677344799041748
PP 0 0.0 2.8059065341949463
PP 0 0.0 2.8059065341949463
PP 0 0.0 3.0419204235076904
PP 0 0.0 3.4128611087799072
PP 0 0.0 3.718290328979492
PP 0 0.0 3.718290328979492
PP 0 0.0 3.718290328979492
PP 0 0.0 3.8730571269989014
PP 0 0.0 4.1748433113098145
PP 0 0.0 4.176088809967041
PP 0 0.0 4.348775863647461
PP 0 0.0 4.606204986572266
PP 0 0.0 4.768947601318359
PP 0 0.0 4.898852825164795
PP 0 0.0 4.898852825164795
PP 0 0.0 5.440601348876953
PP 0 0.0 inf
PP 1 6.284379482269287 6.471767425537109
PP 1 5.579653263092041 6.479434013366699
PP 1 5.077027797698975 6.695552349090576
PP 1 5.034061908721924 6.823418140411377
PP 1 4.964073181152344 5.398780345916748
PP 1 4.343345642089844 5.214127540588379
PP 2 6.824489116668701 7.395777225494385
PLa 0 0.0 1.9073486328125e-06
PLa 0 0.0 2.397681713104248
PLa 0 0.0 2.397681713104248
PLa 0 0.0 2.397681713104248
PLa 0 0.0 2.397681713104248
PLa 0 0.0 2.583264112472534
PLa 0 0.0 2.8059065341949463
PLa 0 0.0 2.8059065341949463
PLa 0 0.0 3.718290328979492
PLa 0 0.0 3.718290328979492
PLa 0 0.0 3.718290328979492
PLa 0 0.0 4.1748433113098145
PLa 0 0.0 4.176088809967041
PLa 0 0.0 4.606204986572266
PLa 0 0.0 4.768947601318359
PLa 0 0.0 4.898852825164795
PLa 0 0.0 4.898852825164795
PLa 0 0.0 5.497987747192383
PLa 0 0.0 inf
PLa 1 5.579653263092041 6.479434013366699
PLa 1 5.034061908721924 7.043179035186768
PLa 1 4.964073181152344 5.398780345916748
PP 0 0.0 1.9073486328125e-06
PP 0 0.0 2.397681713104248
PP 0 0.0 2.397681713104248
PP 0 0.0 2.397681713104248
PP 0 0.0 2.397681713104248
PP 0 0.0 2.583264112472534
PP 0 0.0 2.8059065341949463
PP 0 0.0 2.8059065341949463
PP 0 0.0 3.718290328979492
PP 0 0.0 3.718290328979492
PP 0 0.0 3.718290328979492
PP 0 0.0 4.1748433113098145
PP 0 0.0 4.176088809967041
PP 0 0.0 4.606204986572266
PP 0 0.0 4.768947601318359
PP 0 0.0 4.898852825164795
PP 0 0.0 4.898852825164795
PP 0 0.0 5.497987747192383
PP 0 0.0 inf
PP 1 5.579653263092041 6.479434013366699
PP 1 5.034061908721924 7.043179035186768
PP 1 4.964073181152344 5.398780345916748
PLa 0 0.0 2.6973982585332124e-06
PLa 0 0.0 1.799879789352417
PLa 0 0.0 1.799879789352417
PLa 0 0.0 1.799879789352417
PLa 0 0.0 2.0103602409362793
PLa 0 0.0 2.0103602409362793
PLa 0 0.0 2.0103602409362793
PLa 0 0.0 2.397681713104248
PLa 0 0.0 2.397681713104248
PLa 0 0.0 2.397681713104248
PLa 0 0.0 2.754673957824707
PLa 0 0.0 2.754673957824707
PLa 0 0.0 2.754673957824707
PLa 0 0.0 2.8059065341949463
PLa 0 0.0 2.8059065341949463
PLa 0 0.0 2.8059065341949463
PLa 0 0.0 2.8223299980163574
PLa 0 0.0 2.864313840866089
PLa 0 0.0 3.4128611087799072
PLa 0 0.0 3.718290328979492
PLa 0 0.0 3.718290328979492
PLa 0 0.0 3.718290328979492
PLa 0 0.0 4.606204986572266
PLa 0 0.0 4.606204986572266
PLa 0 0.0 4.941137790679932
PLa 0 0.0 4.964073181152344
PLa 0 0.0 5.010947227478027
PLa 0 0.0 5.522160053253174
PLa 0 0.0 inf
PLa 1 5.8916096687316895 6.38981819152832
PLa 1 5.542442321777344 6.456789016723633
PLa 1 5.522160053253174 5.747808933258057
PLa 1 5.440601348876953 6.545599937438965
PLa 1 5.077027797698975 5.711778163909912
PLa 1 5.010947227478027 7.286506175994873
PLa 1 5.010947227478027 5.423699378967285
PLa 1 2.864313840866089 2.9974818229675293
PLa 1 2.864313840866089 2.9974818229675293
PLa 1 2.864313840866089 2.9974818229675293
PP 0 0.0 2.6973982585332124e-06
PP 0 0.0 1.799879789352417
PP 0 0.0 1.799879789352417
PP 0 0.0 1.799879789352417
PP 0 0.0 2.397681713104248
PP 0 0.0 2.397681713104248
PP 0 0.0 2.397681713104248
PP 0 0.0 2.8059065341949463
PP 0 0.0 2.8059065341949463
PP 0 0.0 2.8059065341949463
PP 0 0.0 2.8223299980163574
PP 0 0.0 3.4128611087799072
PP 0 0.0 3.7092602252960205
PP 0 0.0 3.7092602252960205
PP 0 0.0 3.7092602252960205
PP 0 0.0 3.718290328979492
PP 0 0.0 3.718290328979492
PP 0 0.0 3.718290328979492
PP 0 0.0 4.606204986572266
PP 0 0.0 4.606204986572266
PP 0 0.0 4.941137790679932
PP 0 0.0 4.964073181152344
PP 0 0.0 5.497987747192383
PP 0 0.0 5.522160053253174
PP 0 0.0 inf
PP 1 7.043179035186768 7.414434909820557
PP 1 5.8916096687316895 6.38981819152832
PP 1 5.579653263092041 6.456789016723633
PP 1 5.542442321777344 6.456789016723633
PP 1 5.522160053253174 5.747808933258057
PP 1 5.440601348876953 6.545599937438965
PP 1 5.077027797698975 6.695552349090576
PP 2 6.823418140411377 7.395777225494385
PLa 0 0.0 1.799879789352417
PLa 0 0.0 1.799879789352417
PLa 0 0.0 1.799879789352417
PLa 0 0.0 2.0103602409362793
PLa 0 0.0 2.397681713104248
PLa 0 0.0 2.583264112472534
PLa 0 0.0 2.8059065341949463
PLa 0 0.0 2.8059065341949463
PLa 0 0.0 2.8059065341949463
PLa 0 0.0 2.8059065341949463
PLa 0 0.0 3.1727304458618164
PLa 0 0.0 3.7092602252960205
PLa 0 0.0 3.7092602252960205
PLa 0 0.0 3.7092602252960205
PLa 0 0.0 3.718290328979492
PLa 0 0.0 4.176088809967041
PLa 0 0.0 4.305763244628906
PLa 0 0.0 4.768947601318359
PLa 0 0.0 4.941137790679932
PLa 0 0.0 4.964073181152344
PLa 0 0.0 5.236875057220459
PLa 0 0.0 inf
PLa 1 5.579653263092041 6.456789016723633
PLa 1 5.522160053253174 5.747808933258057
PLa 1 5.327791690826416 7.220395565032959
PLa 1 5.236875057220459 6.447109222412109
PLa 1 5.010947227478027 5.423699378967285
PLa 2 7.269819736480713 7.317356586456299
PP 0 0.0 1.799879789352417
PP 0 0.0 1.799879789352417
PP 0 0.0 1.799879789352417
PP 0 0.0 2.397681713104248
PP 0 0.0 2.583264112472534
PP 0 0.0 2.8059065341949463
PP 0 0.0 2.8059065341949463
PP 0 0.0 2.8059065341949463
PP 0 0.0 2.8059065341949463
PP 0 0.0 3.1727304458618164
PP 0 0.0 3.7092602252960205
PP 0 0.0 3.7092602252960205
PP 0 0.0 3.7092602252960205
PP 0 0.0 3.718290328979492
PP 0 0.0 4.176088809967041
PP 0 0.0 4.305763244628906
PP 0 0.0 4.768947601318359
PP 0 0.0 4.941137790679932
PP 0 0.0 4.964073181152344
PP 0 0.0 5.236875057220459
PP 0 0.0 inf
PP 1 5.579653263092041 6.456789016723633
PP 1 5.522160053253174 5.747808933258057
PP 1 5.327791690826416 7.220395565032959
PP 1 5.236875057220459 6.447109222412109
PP 2 7.269819736480713 7.317356586456299
PLa 0 0.0 2.397681713104248
PLa 0 0.0 2.397681713104248
PLa 0 0.0 2.8059065341949463
PLa 0 0.0 2.8059065341949463
PLa 0 0.0 2.8059065341949463
PLa 0 0.0 2.8059065341949463
PLa 0 0.0 3.283458709716797
PLa 0 0.0 4.171001434326172
PLa 0 0.0 4.305763244628906
PLa 0 0.0 4.606204986572266
PLa 0 0.0 4.898852825164795
PLa 0 0.0 4.898852825164795
PLa 0 0.0 4.964073181152344
PLa 0 0.0 4.964073181152344
PLa 0 0.0 5.099602699279785
PLa 0 0.0 5.099602699279785
PLa 0 0.0 5.099602699279785
PLa 0 0.0 7.002300262451172
PLa 0 0.0 inf
PLa 1 7.043179035186768 7.427196025848389
PLa 1 5.579653263092041 7.002300262451172
PLa 1 5.423699378967285 6.095497131347656
PP 0 0.0 2.397681713104248
PP 0 0.0 2.397681713104248
PP 0 0.0 2.8059065341949463
PP 0 0.0 2.8059065341949463
PP 0 0.0 2.8059065341949463
PP 0 0.0 2.8059065341949463
PP 0 0.0 3.283458709716797
PP 0 0.0 4.305763244628906
PP 0 0.0 4.606204986572266
PP 0 0.0 4.898852825164795
PP 0 0.0 4.898852825164795
PP 0 0.0 4.964073181152344
PP 0 0.0 4.964073181152344
PP 0 0.0 7.119240760803223
PP 0 0.0 inf
PP 1 5.579653263092041 7.043179035186768
PLa 0 0.0 1.799879789352417
PLa 0 0.0 1.799879789352417
PLa 0 0.0 2.0103602409362793
PLa 0 0.0 2.0103602409362793
PLa 0 0.0 2.4080162048339844
PLa 0 0.0 2.4080162048339844
PLa 0 0.0 2.754673957824707
PLa 0 0.0 2.8059065341949463
PLa 0 0.0 2.8059065341949463
PLa 0 0.0 2.8059065341949463
PLa 0 0.0 2.8059065341949463
PLa 0 0.0 3.7092602252960205
PLa 0 0.0 3.7092602252960205
PLa 0 0.0 4.305763244628906
PLa 0 0.0 5.010947227478027
PLa 0 0.0 5.010947227478027
PLa 0 0.0 5.236875057220459
PLa 0 0.0 5.327791690826416
PLa 0 0.0 inf
PLa 1 5.327791690826416 7.220395565032959
PLa 1 5.236875057220459 5.423699378967285
PLa 1 5.236875057220459 5.423699378967285
PLa 1 5.080802917480469 5.778207302093506
PLa 1 5.080802917480469 5.778207302093506
PP 0 0.0 1.799879789352417
PP 0 0.0 1.799879789352417
PP 0 0.0 2.4080162048339844
PP 0 0.0 2.4080162048339844
PP 0 0.0 2.8059065341949463
PP 0 0.0 2.8059065341949463
PP 0 0.0 2.8059065341949463
PP 0 0.0 2.8059065341949463
PP 0 0.0 3.7092602252960205
PP 0 0.0 3.7092602252960205
PP 0 0.0 3.7092602252960205
PP 0 0.0 4.305763244628906
PP 0 0.0 5.080802917480469
PP 0 0.0 5.080802917480469
PP 0 0.0 5.236875057220459
PP 0 0.0 5.327791690826416
PP 0 0.0 inf
PP 1 5.579653263092041 6.456789016723633
PP 1 5.327791690826416 7.220395565032959
PP 1 5.236875057220459 5.778207302093506
PP 1 5.236875057220459 5.778207302093506
PLa 0 0.0 2.8059065341949463
PLa 0 0.0 2.8059065341949463
PLa 0 0.0 2.8059065341949463
PLa 0 0.0 2.8059065341949463
PLa 0 0.0 3.1727304458618164
PLa 0 0.0 3.1727304458618164
PLa 0 0.0 4.1748433113098145
PLa 0 0.0 4.1748433113098145
PLa 0 0.0 4.305763244628906
PLa 0 0.0 4.305763244628906
PLa 0 0.0 5.099602699279785
PLa 0 0.0 5.099602699279785
PLa 0 0.0 5.151350498199463
PLa 0 0.0 5.264734268188477
PLa 0 0.0 5.497987747192383
PLa 0 0.0 5.497987747192383
PLa 0 0.0 inf
PLa 1 6.447096347808838 6.447109222412109
PLa 1 5.579653263092041 6.479434013366699
PLa 1 5.579653263092041 6.447109222412109
PP 0 0.0 2.8059065341949463
PP 0 0.0 2.8059065341949463
PP 0 0.0 2.8059065341949463
PP 0 0.0 2.8059065341949463
PP 0 0.0 3.1727304458618164
PP 0 0.0 3.1727304458618164
PP 0 0.0 4.1748433113098145
PP 0 0.0 4.1748433113098145
PP 0 0.0 4.305763244628906
PP 0 0.0 4.305763244628906
PP 0 0.0 5.264734268188477
PP 0 0.0 5.497987747192383
PP 0 0.0 5.497987747192383
PP 0 0.0 inf
PP 1 6.447096347808838 6.447109222412109
PP 1 5.579653263092041 6.479434013366699
PP 1 5.579653263092041 6.447109222412109
PLa 0 0.0 1.7520958185195923
PLa 0 0.0 1.7520958185195923
PLa 0 0.0 2.1918623447418213
PLa 0 0.0 2.265872001647949
PLa 0 0.0 2.265872001647949
PLa 0 0.0 2.265872001647949
PLa 0 0.0 2.397681713104248
PLa 0 0.0 2.397681713104248
PLa 0 0.0 2.397681713104248
PLa 0 0.0 2.5261104106903076
PLa 0 0.0 2.677344799041748
PLa 0 0.0 2.677344799041748
PLa 0 0.0 2.677344799041748
PLa 0 0.0 2.7190616130828857
PLa 0 0.0 2.754673957824707
PLa 0 0.0 2.8223299980163574
PLa 0 0.0 2.8223299980163574
PLa 0 0.0 3.0419204235076904
PLa 0 0.0 3.1727304458618164
PLa 0 0.0 3.1727304458618164
PLa 0 0.0 3.2353246212005615
PLa 0 0.0 3.3953797817230225
PLa 0 0.0 3.471195936203003
PLa 0 0.0 3.471195936203003
PLa 0 0.0 4.171001434326172
PLa 0 0.0 4.171001434326172
PLa 0 0.0 4.171001434326172
PLa 0 0.0 4.224859714508057
PLa 0 0.0 4.224859714508057
PLa 0 0.0 4.27327299118042
PLa 0 0.0 4.280518054962158
PLa 0 0.0 4.431555271148682
PLa 0 0.0 4.559988021850586
PLa 0 0.0 4.559988021850586
PLa 0 0.0 4.607204914093018
PLa 0 0.0 inf
PLa 1 6.314502716064453 6.656156063079834
PLa 1 6.248452663421631 6.344176769256592
PLa 1 4.607204914093018 6.54831075668335
PLa 1 4.606204986572266 4.786067962646484
PLa 1 4.606204986572266 4.786067962646484
PLa 1 4.606204986572266 4.786067962646484
PLa 1 4.565301418304443 5.596138000488281
PLa 1 4.565301418304443 5.596138000488281
PLa 1 4.559988021850586 5.379907131195068
PLa 1 4.559988021850586 4.990572452545166
PLa 1 4.535400867462158 5.997010231018066
PLa 1 4.431555271148682 6.54831075668335
PLa 1 4.305763244628906 6.656156063079834
PLa 1 4.305763244628906 5.214127540588379
PLa 2 7.049761772155762 7.775502681732178
PLa 2 7.043179035186768 7.262762069702148
PLa 2 6.7851128578186035 6.89393424987793
PP 0 0.0 1.7520958185195923
PP 0 0.0 1.7520958185195923
PP 0 0.0 2.265872001647949
PP 0 0.0 2.265872001647949
PP 0 0.0 2.265872001647949
PP 0 0.0 2.397681713104248
PP 0 0.0 2.397681713104248
PP 0 0.0 2.397681713104248
PP 0 0.0 2.5261104106903076
PP 0 0.0 2.677344799041748
PP 0 0.0 2.677344799041748
PP 0 0.0 2.677344799041748
PP 0 0.0 2.7190616130828857
PP 0 0.0 2.8223299980163574
PP 0 0.0 2.8223299980163574
PP 0 0.0 3.0419204235076904
PP 0 0.0 3.1727304458618164
PP 0 0.0 3.1727304458618164
PP 0 0.0 3.3953797817230225
PP 0 0.0 3.471195936203003
PP 0 0.0 3.471195936203003
PP 0 0.0 4.224859714508057
PP 0 0.0 4.224859714508057
PP 0 0.0 4.27327299118042
PP 0 0.0 4.305763244628906
PP 0 0.0 4.431555271148682
PP 0 0.0 4.535400867462158
PP 0 0.0 4.606204986572266
PP 0 0.0 6.248452663421631
PP 0 0.0 inf
PP 1 5.8916096687316895 6.857319355010986
PP 1 5.596138000488281 5.997010231018066
PP 1 4.737456798553467 6.857319355010986
PP 1 4.606204986572266 5.379907131195068
PP 1 4.606204986572266 4.990572452545166
PP 1 4.431555271148682 6.695552349090576
PP 1 4.305763244628906 5.214127540588379
PP 2 7.049761772155762 7.775502681732178
PLa 0 0.0 2.6973982585332124e-06
PLa 0 0.0 1.96499502658844
PLa 0 0.0 2.397681713104248
PLa 0 0.0 2.397681713104248
PLa 0 0.0 2.397681713104248
PLa 0 0.0 2.754673957824707
PLa 0 0.0 3.6208226680755615
PLa 0 0.0 3.6208226680755615
PLa 0 0.0 4.305763244628906
PLa 0 0.0 4.559988021850586
PLa 0 0.0 4.559988021850586
PLa 0 0.0 4.606204986572266
PLa 0 0.0 4.606204986572266
PLa 0 0.0 4.606204986572266
PLa 0 0.0 4.898852825164795
PLa 0 0.0 5.398780345916748
PLa 0 0.0 5.423699378967285
PLa 0 0.0 5.522160053253174
PLa 0 0.0 6.695552349090576
PLa 0 0.0 6.733921051025391
PLa 0 0.0 inf
PLa 1 6.7851128578186035 7.967992305755615
PLa 1 6.7851128578186035 7.707382678985596
PLa 1 6.695552349090576 7.395777225494385
PLa 1 6.38981819152832 7.043179035186768
PLa 1 6.38981819152832 6.733921051025391
PLa 1 5.522160053253174 7.043179035186768
PLa 1 4.898852825164795 7.049761772155762
PLa 2 7.707382678985596 7.967992305755615
PLa 2 7.395777225494385 7.775502681732178
PP 0 0.0 2.6973982585332124e-06
PP 0 0.0 2.397681713104248
PP 0 0.0 2.397681713104248
PP 0 0.0 2.397681713104248
PP 0 0.0 3.718290328979492
PP 0 0.0 4.305763244628906
PP 0 0.0 4.606204986572266
PP 0 0.0 4.606204986572266
PP 0 0.0 4.606204986572266
PP 0 0.0 4.898852825164795
PP 0 0.0 4.898852825164795
PP 0 0.0 5.034061908721924
PP 0 0.0 5.398780345916748
PP 0 0.0 5.522160053253174
PP 0 0.0 5.522160053253174
PP 0 0.0 6.695552349090576
PP 0 0.0 inf
PP 1 7.03738260269165 7.707382678985596
PP 1 6.695552349090576 7.395777225494385
PP 1 6.38981819152832 7.043179035186768
PP 1 6.38981819152832 7.043179035186768
PP 1 5.034061908721924 7.049761772155762
PP 2 7.707382678985596 7.967992305755615
PP 2 7.395777225494385 7.775502681732178
PLa 0 0.0 1.96499502658844
PLa 0 0.0 1.96499502658844
PLa 0 0.0 2.0103602409362793
PLa 0 0.0 2.0748543739318848
PLa 0 0.0 2.1173691749572754
PLa 0 0.0 2.1173691749572754
PLa 0 0.0 2.397681713104248
PLa 0 0.0 2.397681713104248
PLa 0 0.0 2.397681713104248
PLa 0 0.0 2.5261104106903076
PLa 0 0.0 2.583264112472534
PLa 0 0.0 2.583264112472534
PLa 0 0.0 2.677344799041748
PLa 0 0.0 2.8059065341949463
PLa 0 0.0 2.8223299980163574
PLa 0 0.0 2.8223299980163574
PLa 0 0.0 3.6208226680755615
PLa 0 0.0 3.6208226680755615
PLa 0 0.0 3.9368693828582764
PLa 0 0.0 4.171001434326172
PLa 0 0.0 4.171001434326172
PLa 0 0.0 4.1748433113098145
PLa 0 0.0 4.1748433113098145
PLa 0 0.0 4.176088809967041
PLa 0 0.0 4.280518054962158
PLa 0 0.0 4.305763244628906
PLa 0 0.0 4.535400867462158
PLa 0 0.0 4.606204986572266
PLa 0 0.0 4.607204914093018
PLa 0 0.0 4.941137790679932
PLa 0 0.0 inf
PLa 1 6.8361663818359375 7.091835975646973
PLa 1 6.314502716064453 7.075649738311768
PLa 1 5.522160053253174 6.733921051025391
PLa 1 5.236875057220459 7.707382678985596
PLa 1 4.559988021850586 4.786067962646484
PLa 1 4.559988021850586 5.924816131591797
PLa 1 4.176088809967041 5.034061908721924
PLa 2 7.707382678985596 7.967992305755615
PLa 2 6.479434013366699 6.54831075668335
PP 0 0.0 2.0748543739318848
PP 0 0.0 2.1173691749572754
PP 0 0.0 2.1173691749572754
PP 0 0.0 2.397681713104248
PP 0 0.0 2.397681713104248
PP 0 0.0 2.397681713104248
PP 0 0.0 2.5261104106903076
PP 0 0.0 2.583264112472534
PP 0 0.0 2.583264112472534
PP 0 0.0 2.677344799041748
PP 0 0.0 2.8059065341949463
PP 0 0.0 2.8223299980163574
PP 0 0.0 2.8223299980163574
PP 0 0.0 3.7092602252960205
PP 0 0.0 3.718290328979492
PP 0 0.0 4.1748433113098145
PP 0 0.0 4.1748433113098145
PP 0 0.0 4.176088809967041
PP 0 0.0 4.176088809967041
PP 0 0.0 4.305763244628906
PP 0 0.0 4.535400867462158
PP 0 0.0 4.606204986572266
PP 0 0.0 4.941137790679932
PP 0 0.0 6.695552349090576
PP 0 0.0 inf
PP 1 5.522160053253174 7.042339324951172
PP 1 5.236875057220459 7.707382678985596
PP 1 5.034061908721924 6.479434013366699
PP 1 4.964073181152344 5.034061908721924
PP 2 7.707382678985596 7.967992305755615
PLa 0 0.0 2.397681713104248
PLa 0 0.0 2.397681713104248
PLa 0 0.0 2.397681713104248
PLa 0 0.0 2.8059065341949463
PLa 0 0.0 3.6208226680755615
PLa 0 0.0 3.718290328979492
PLa 0 0.0 3.9368693828582764
PLa 0 0.0 4.305763244628906
PLa 0 0.0 4.606204986572266
PLa 0 0.0 4.606204986572266
PLa 0 0.0 4.606204986572266
PLa 0 0.0 4.898852825164795
PLa 0 0.0 4.898852825164795
PLa 0 0.0 5.398780345916748
PLa 0 0.0 6.695552349090576
PLa 0 0.0 6.733921051025391
PLa 0 0.0 6.8361663818359375
PLa 0 0.0 inf
PLa 1 6.7851128578186035 7.967992305755615
PLa 1 6.695552349090576 7.395777225494385
PLa 1 5.034061908721924 7.043179035186768
PP 0 0.0 2.397681713104248
PP 0 0.0 2.397681713104248
PP 0 0.0 2.397681713104248
PP 0 0.0 2.8059065341949463
PP 0 0.0 3.718290328979492
PP 0 0.0 4.305763244628906
PP 0 0.0 4.606204986572266
PP 0 0.0 4.606204986572266
PP 0 0.0 4.606204986572266
PP 0 0.0 4.898852825164795
PP 0 0.0 4.898852825164795
PP 0 0.0 4.964073181152344
PP 0 0.0 5.398780345916748
PP 0 0.0 6.695552349090576
PP 0 0.0 7.091835975646973
PP 0 0.0 inf
PP 1 6.695552349090576 7.395777225494385
PP 1 5.034061908721924 7.043179035186768
