SiSi 0 0.0 2.1630799770355225
SiSi 0 0.0 2.1630799770355225
SiSi 0 0.0 2.1630799770355225
SiSi 0 0.0 2.1630799770355225
SiSi 0 0.0 2.1630799770355225
SiSi 0 0.0 2.1630799770355225
SiSi 0 0.0 2.9063351154327393
SiSi 0 0.0 2.9063351154327393
SiSi 0 0.0 2.9063351154327393
SiSi 0 0.0 2.9063351154327393
SiSi 0 0.0 2.9063351154327393
SiSi 0 0.0 2.9063351154327393
SiSi 0 0.0 2.9063351154327393
SiSi 0 0.0 2.9063351154327393
SiSi 0 0.0 2.9063351154327393
SiSi 0 0.0 2.9063351154327393
SiSi 0 0.0 2.9063351154327393
SiSi 0 0.0 2.9063351154327393
SiSi 0 0.0 2.9063351154327393
SiSi 0 0.0 2.9063351154327393
SiSi 0 0.0 2.9063351154327393
SiSi 0 0.0 2.9063351154327393
SiSi 0 0.0 2.9063351154327393
SiSi 0 0.0 2.9063351154327393
SiSi 0 0.0 2.9063351154327393
SiSi 0 0.0 2.9063351154327393
SiSi 0 0.0 2.9063351154327393
SiSi 0 0.0 2.9063351154327393
SiSi 0 0.0 2.9063351154327393
SiSi 0 0.0 2.9063351154327393
SiSi 0 0.0 2.9063351154327393
SiSi 0 0.0 2.9063351154327393
SiSi 0 0.0 2.9063351154327393
SiSi 0 0.0 3.236227512359619
SiSi 0 0.0 3.236227512359619
SiSi 0 0.0 3.236227512359619
SiSi 0 0.0 3.236227512359619
SiSi 0 0.0 3.236227512359619
SiSi 0 0.0 3.236227512359619
SiSi 0 0.0 3.236227512359619
SiSi 0 0.0 3.236227512359619
SiSi 0 0.0 3.236227512359619
SiSi 0 0.0 3.236227512359619
SiSi 0 0.0 3.236227512359619
SiSi 0 0.0 3.236227512359619
SiSi 0 0.0 3.7694246768951416
SiSi 0 0.0 3.7694246768951416
SiSi 0 0.0 4.743981838226318
SiSi 0 0.0 inf
SiSi 1 4.743981838226318 5.378267765045166
SiSi 1 4.743981838226318 5.019001007080078
SiSi 1 4.743981838226318 4.812897682189941
SiSi 1 4.743981838226318 4.812897682189941
SiSi 1 4.743981838226318 4.812897682189941
SiSi 1 4.743981838226318 5.019001007080078
SiSi 1 4.743981838226318 5.378267765045166
SiSi 1 4.743981838226318 5.019001007080078
SiSi 1 4.029261589050293 4.743981838226318
SiSi 1 4.029261589050293 4.743981838226318
SiSi 1 4.029261589050293 4.743981838226318
SiSi 1 3.7694246768951416 4.029261589050293
SiSi 1 3.7694246768951416 4.029261589050293
SiSi 1 3.7694246768951416 4.743981838226318
SiSi 1 3.7694246768951416 4.029261589050293
SiSi 1 3.7694246768951416 4.029261589050293
SiSi 1 3.7694246768951416 4.743981838226318
SiSi 1 3.7694246768951416 4.029261589050293
SiSi 1 3.7694246768951416 4.029261589050293
SiSi 1 3.7694246768951416 4.743981838226318
SiSi 1 3.7694246768951416 4.029261589050293
SiSi 1 3.7694246768951416 4.029261589050293
SiSi 1 3.7694246768951416 4.029261589050293
SiSi 1 3.7694246768951416 4.269526481628418
SiSi 1 3.7694246768951416 4.743981838226318
SiSi 1 3.7694246768951416 4.743981838226318
SiSi 1 3.236227512359619 4.743981838226318
SiSi 1 3.236227512359619 4.743981838226318
SiSi 1 3.236227512359619 4.743981838226318
SiSi 1 3.236227512359619 4.743981838226318
SiSi 1 3.236227512359619 4.743981838226318
SiSi 1 3.236227512359619 4.743981838226318
SiSi 1 3.236227512359619 4.743981838226318
SiSi 1 3.236227512359619 4.743981838226318
SiSi 2 5.378267765045166 5.563465595245361
SiSi 2 4.812897682189941 5.378267765045166
SiSi 2 4.812897682189941 5.019001007080078
SiSi 2 4.812897682189941 5.019001007080078
SiSi 2 4.812897682189941 5.019001007080078
SiSi 2 4.743981838226318 5.378267765045166
SiSi 2 4.743981838226318 5.378267765045166
SiSi 2 4.029261589050293 4.404102325439453
SiSi 2 4.029261589050293 4.404102325439453
SiRu 0 0.0 1.2620329856872559
SiRu 0 0.0 1.2620329856872559
SiRu 0 0.0 1.2620329856872559
SiRu 0 0.0 1.2620329856872559
SiRu 0 0.0 1.2620329856872559
SiRu 0 0.0 1.2620329856872559
SiRu 0 0.0 1.2620329856872559
SiRu 0 0.0 1.2620329856872559
SiRu 0 0.0 1.2620329856872559
SiRu 0 0.0 1.2620329856872559
SiRu 0 0.0 1.2620329856872559
SiRu 0 0.0 1.2620329856872559
SiRu 0 0.0 1.2620329856872559
SiRu 0 0.0 1.2620329856872559
SiRu 0 0.0 1.2620329856872559
SiRu 0 0.0 1.2620329856872559
SiRu 0 0.0 1.2620329856872559
SiRu 0 0.0 1.2620329856872559
SiRu 0 0.0 1.2620329856872559
SiRu 0 0.0 1.2620329856872559
SiRu 0 0.0 1.2620329856872559
SiRu 0 0.0 1.2620329856872559
SiRu 0 0.0 1.2620329856872559
SiRu 0 0.0 1.2620329856872559
SiRu 0 0.0 1.2620329856872559
SiRu 0 0.0 1.2620329856872559
SiRu 0 0.0 1.2620329856872559
SiRu 0 0.0 1.2620329856872559
SiRu 0 0.0 1.2620329856872559
SiRu 0 0.0 1.2620329856872559
SiRu 0 0.0 1.2620329856872559
SiRu 0 0.0 2.1778886318206787
SiRu 0 0.0 2.1778886318206787
SiRu 0 0.0 2.1778886318206787
SiRu 0 0.0 2.1778886318206787
SiRu 0 0.0 2.1778886318206787
SiRu 0 0.0 2.1778886318206787
SiRu 0 0.0 2.3486359119415283
SiRu 0 0.0 2.3486359119415283
SiRu 0 0.0 2.3486359119415283
SiRu 0 0.0 2.3486359119415283
SiRu 0 0.0 2.3486359119415283
SiRu 0 0.0 2.3486359119415283
SiRu 0 0.0 2.3486359119415283
SiRu 0 0.0 2.3486359119415283
SiRu 0 0.0 2.3486359119415283
SiRu 0 0.0 2.3486359119415283
SiRu 0 0.0 2.3486359119415283
SiRu 0 0.0 2.3486359119415283
SiRu 0 0.0 2.3486359119415283
SiRu 0 0.0 2.3486359119415283
SiRu 0 0.0 2.3486359119415283
SiRu 0 0.0 2.3486359119415283
SiRu 0 0.0 2.3486359119415283
SiRu 0 0.0 2.3486359119415283
SiRu 0 0.0 2.3486359119415283
SiRu 0 0.0 2.3486359119415283
SiRu 0 0.0 2.3486359119415283
SiRu 0 0.0 2.3486359119415283
SiRu 0 0.0 2.3486359119415283
SiRu 0 0.0 2.3486359119415283
SiRu 0 0.0 2.3486359119415283
SiRu 0 0.0 2.3486359119415283
SiRu 0 0.0 2.3486359119415283
SiRu 0 0.0 2.3486359119415283
SiRu 0 0.0 2.3486359119415283
SiRu 0 0.0 2.3486359119415283
SiRu 0 0.0 2.3486359119415283
SiRu 0 0.0 2.3486359119415283
SiRu 0 0.0 2.3486359119415283
SiRu 0 0.0 2.3486359119415283
SiRu 0 0.0 2.3486359119415283
SiRu 0 0.0 2.3486359119415283
SiRu 0 0.0 2.3486359119415283
SiRu 0 0.0 2.3486359119415283
SiRu 0 0.0 2.3486359119415283
SiRu 0 0.0 2.3486359119415283
SiRu 0 0.0 2.3486359119415283
SiRu 0 0.0 2.3486359119415283
SiRu 0 0.0 2.3486359119415283
SiRu 0 0.0 2.3486359119415283
SiRu 0 0.0 2.633460760116577
SiRu 0 0.0 2.633460760116577
SiRu 0 0.0 2.633460760116577
SiRu 0 0.0 2.633460760116577
SiRu 0 0.0 2.633460760116577
SiRu 0 0.0 2.633460760116577
SiRu 0 0.0 2.633460760116577
SiRu 0 0.0 2.633460760116577
SiRu 0 0.0 2.633460760116577
SiRu 0 0.0 2.633460760116577
SiRu 0 0.0 2.633460760116577
SiRu 0 0.0 2.633460760116577
SiRu 0 0.0 2.9063351154327393
SiRu 0 0.0 4.113063335418701
SiRu 0 0.0 inf
SiRu 1 4.743981838226318 4.812897682189941
SiRu 1 4.743981838226318 4.812897682189941
SiRu 1 4.718016147613525 4.743981838226318
SiRu 1 4.718016147613525 4.743981838226318
SiRu 1 4.718016147613525 4.743981838226318
SiRu 1 4.718016147613525 4.743981838226318
SiRu 1 4.718016147613525 4.743981838226318
SiRu 1 4.56515645980835 4.743981838226318
SiRu 1 4.56515645980835 5.019001007080078
SiRu 1 4.56515645980835 5.019001007080078
SiRu 1 4.56515645980835 4.812897682189941
SiRu 1 4.113063335418701 5.019001007080078
SiRu 1 4.113063335418701 4.975337028503418
SiRu 1 3.8386638164520264 4.743981838226318
SiRu 1 3.8386638164520264 4.029261589050293
SiRu 1 3.8125200271606445 3.8386638164520264
SiRu 1 3.8125200271606445 3.8386638164520264
SiRu 1 3.8125200271606445 3.9237101078033447
SiRu 1 3.8125200271606445 3.8386638164520264
SiRu 1 3.8125200271606445 3.8386638164520264
SiRu 1 3.7694246768951416 4.029261589050293
SiRu 1 3.7694246768951416 3.8386638164520264
SiRu 1 3.095306396484375 4.113063335418701
SiRu 1 3.095306396484375 3.103823661804199
SiRu 1 3.095306396484375 3.103823661804199
SiRu 1 3.095306396484375 3.103823661804199
SiRu 1 2.633460760116577 3.103823661804199
SiRu 1 2.633460760116577 3.103823661804199
SiRu 1 2.633460760116577 3.103823661804199
SiRu 1 2.633460760116577 3.103823661804199
SiRu 1 2.633460760116577 3.103823661804199
SiRu 1 2.633460760116577 3.103823661804199
SiRu 1 2.633460760116577 3.103823661804199
SiRu 1 2.633460760116577 3.103823661804199
SiRu 1 2.633460760116577 3.103823661804199
SiRu 1 2.633460760116577 3.103823661804199
SiRu 1 2.633460760116577 3.103823661804199
SiRu 1 2.633460760116577 3.103823661804199
SiRu 1 2.633460760116577 4.743981838226318
SiRu 1 2.633460760116577 3.9237101078033447
SiRu 1 2.633460760116577 2.9063351154327393
SiRu 1 2.633460760116577 3.8386638164520264
SiRu 1 2.633460760116577 4.113063335418701
SiRu 1 2.633460760116577 2.9063351154327393
SiRu 1 2.633460760116577 3.103823661804199
SiRu 1 2.633460760116577 3.8386638164520264
SiRu 1 2.633460760116577 2.9063351154327393
SiRu 1 2.633460760116577 2.9063351154327393
SiRu 1 2.633460760116577 3.103823661804199
SiRu 1 2.633460760116577 2.9063351154327393
SiRu 1 2.633460760116577 4.113063335418701
SiRu 1 2.633460760116577 2.945707082748413
SiRu 1 2.633460760116577 2.945707082748413
SiRu 1 2.633460760116577 2.9063351154327393
SiRu 1 2.633460760116577 2.9063351154327393
SiRu 1 2.633460760116577 4.743981838226318
SiRu 1 2.633460760116577 2.9063351154327393
SiRu 1 2.633460760116577 3.103823661804199
SiRu 1 2.633460760116577 3.8386638164520264
SiRu 1 2.633460760116577 2.9063351154327393
SiRu 1 2.633460760116577 2.9063351154327393
SiRu 1 2.633460760116577 2.9063351154327393
SiRu 1 2.633460760116577 2.9063351154327393
SiRu 1 2.633460760116577 2.945707082748413
SiRu 1 2.633460760116577 2.945707082748413
SiRu 1 2.633460760116577 2.9063351154327393
SiRu 1 2.3486359119415283 3.8386638164520264
SiRu 1 2.3486359119415283 3.9237101078033447
SiRu 1 2.3486359119415283 4.113063335418701
SiRu 1 2.3486359119415283 3.8386638164520264
SiRu 2 5.464418888092041 5.563465595245361
SiRu 2 5.369647979736328 5.563465595245361
SiRu 2 5.019001007080078 5.563465595245361
SiRu 2 4.779141902923584 5.124343395233154
SiRu 2 4.743981838226318 4.812897682189941
SiRu 2 4.743981838226318 4.812897682189941
SiRu 2 4.113063335418701 4.812897682189941
SiSi 0 0.0 2.1630799770355225
SiSi 0 0.0 2.1630799770355225
SiSi 0 0.0 2.1630799770355225
SiSi 0 0.0 2.1630799770355225
SiSi 0 0.0 2.1630799770355225
SiSi 0 0.0 2.1630799770355225
SiSi 0 0.0 2.9063351154327393
SiSi 0 0.0 2.9063351154327393
SiSi 0 0.0 2.9063351154327393
SiSi 0 0.0 2.9063351154327393
SiSi 0 0.0 2.9063351154327393
SiSi 0 0.0 2.9063351154327393
SiSi 0 0.0 2.9063351154327393
SiSi 0 0.0 2.9063351154327393
SiSi 0 0.0 2.9063351154327393
SiSi 0 0.0 2.9063351154327393
SiSi 0 0.0 2.9063351154327393
SiSi 0 0.0 2.9063351154327393
SiSi 0 0.0 2.9063351154327393
SiSi 0 0.0 2.9063351154327393
SiSi 0 0.0 2.9063351154327393
SiSi 0 0.0 2.9063351154327393
SiSi 0 0.0 2.9063351154327393
SiSi 0 0.0 2.9063351154327393
SiSi 0 0.0 2.9063351154327393
SiSi 0 0.0 2.9063351154327393
SiSi 0 0.0 2.9063351154327393
SiSi 0 0.0 2.9063351154327393
SiSi 0 0.0 2.9063351154327393
SiSi 0 0.0 2.9063351154327393
SiSi 0 0.0 2.9063351154327393
SiSi 0 0.0 2.9063351154327393
SiSi 0 0.0 2.9063351154327393
SiSi 0 0.0 3.236227512359619
SiSi 0 0.0 3.236227512359619
SiSi 0 0.0 3.236227512359619
SiSi 0 0.0 3.236227512359619
SiSi 0 0.0 3.236227512359619
SiSi 0 0.0 3.236227512359619
SiSi 0 0.0 3.236227512359619
SiSi 0 0.0 3.236227512359619
SiSi 0 0.0 3.236227512359619
SiSi 0 0.0 3.236227512359619
SiSi 0 0.0 3.236227512359619
SiSi 0 0.0 3.236227512359619
SiSi 0 0.0 3.7694246768951416
SiSi 0 0.0 3.7694246768951416
SiSi 0 0.0 4.743981838226318
SiSi 0 0.0 inf
SiSi 1 4.743981838226318 5.019001007080078
SiSi 1 4.743981838226318 5.378267765045166
SiSi 1 4.743981838226318 4.812897682189941
SiSi 1 4.743981838226318 4.812897682189941
SiSi 1 4.743981838226318 4.812897682189941
SiSi 1 4.743981838226318 5.019001007080078
SiSi 1 4.743981838226318 5.019001007080078
SiSi 1 4.743981838226318 5.378267765045166
SiSi 1 4.029261589050293 4.743981838226318
SiSi 1 4.029261589050293 4.743981838226318
SiSi 1 4.029261589050293 4.743981838226318
SiSi 1 3.7694246768951416 4.029261589050293
SiSi 1 3.7694246768951416 4.743981838226318
SiSi 1 3.7694246768951416 4.743981838226318
SiSi 1 3.7694246768951416 4.029261589050293
SiSi 1 3.7694246768951416 4.029261589050293
SiSi 1 3.7694246768951416 4.029261589050293
SiSi 1 3.7694246768951416 4.029261589050293
SiSi 1 3.7694246768951416 4.743981838226318
SiSi 1 3.7694246768951416 4.029261589050293
SiSi 1 3.7694246768951416 4.029261589050293
SiSi 1 3.7694246768951416 4.029261589050293
SiSi 1 3.7694246768951416 4.029261589050293
SiSi 1 3.7694246768951416 4.743981838226318
SiSi 1 3.7694246768951416 4.743981838226318
SiSi 1 3.7694246768951416 4.269526481628418
SiSi 1 3.236227512359619 4.743981838226318
SiSi 1 3.236227512359619 4.743981838226318
SiSi 1 3.236227512359619 4.743981838226318
SiSi 1 3.236227512359619 4.743981838226318
SiSi 1 3.236227512359619 4.743981838226318
SiSi 1 3.236227512359619 4.743981838226318
SiSi 1 3.236227512359619 4.743981838226318
SiSi 1 3.236227512359619 4.743981838226318
SiSi 2 5.378267765045166 5.563465595245361
SiSi 2 4.812897682189941 5.019001007080078
SiSi 2 4.812897682189941 5.378267765045166
SiSi 2 4.812897682189941 5.019001007080078
SiSi 2 4.812897682189941 5.019001007080078
SiSi 2 4.743981838226318 5.378267765045166
SiSi 2 4.743981838226318 5.378267765045166
SiSi 2 4.029261589050293 4.404102325439453
SiSi 2 4.029261589050293 4.404102325439453
SiRu 0 0.0 1.2620329856872559
SiRu 0 0.0 1.2620329856872559
SiRu 0 0.0 1.2620329856872559
SiRu 0 0.0 1.2620329856872559
SiRu 0 0.0 1.2620329856872559
SiRu 0 0.0 1.2620329856872559
SiRu 0 0.0 1.2620329856872559
SiRu 0 0.0 1.2620329856872559
SiRu 0 0.0 1.2620329856872559
SiRu 0 0.0 1.2620329856872559
SiRu 0 0.0 1.2620329856872559
SiRu 0 0.0 1.2620329856872559
SiRu 0 0.0 1.2620329856872559
SiRu 0 0.0 1.2620329856872559
SiRu 0 0.0 1.2620329856872559
SiRu 0 0.0 1.2620329856872559
SiRu 0 0.0 1.2620329856872559
SiRu 0 0.0 1.2620329856872559
SiRu 0 0.0 1.2620329856872559
SiRu 0 0.0 1.2620329856872559
SiRu 0 0.0 1.2620329856872559
SiRu 0 0.0 1.2620329856872559
SiRu 0 0.0 1.2620329856872559
SiRu 0 0.0 1.2620329856872559
SiRu 0 0.0 1.2620329856872559
SiRu 0 0.0 1.2620329856872559
SiRu 0 0.0 1.2620329856872559
SiRu 0 0.0 1.2620329856872559
SiRu 0 0.0 1.2620329856872559
SiRu 0 0.0 1.2620329856872559
SiRu 0 0.0 1.2620329856872559
SiRu 0 0.0 2.1778886318206787
SiRu 0 0.0 2.1778886318206787
SiRu 0 0.0 2.1778886318206787
SiRu 0 0.0 2.1778886318206787
SiRu 0 0.0 2.1778886318206787
SiRu 0 0.0 2.1778886318206787
SiRu 0 0.0 2.3486359119415283
SiRu 0 0.0 2.3486359119415283
SiRu 0 0.0 2.3486359119415283
SiRu 0 0.0 2.3486359119415283
SiRu 0 0.0 2.3486359119415283
SiRu 0 0.0 2.3486359119415283
SiRu 0 0.0 2.3486359119415283
SiRu 0 0.0 2.3486359119415283
SiRu 0 0.0 2.3486359119415283
SiRu 0 0.0 2.3486359119415283
SiRu 0 0.0 2.3486359119415283
SiRu 0 0.0 2.3486359119415283
SiRu 0 0.0 2.3486359119415283
SiRu 0 0.0 2.3486359119415283
SiRu 0 0.0 2.3486359119415283
SiRu 0 0.0 2.3486359119415283
SiRu 0 0.0 2.3486359119415283
SiRu 0 0.0 2.3486359119415283
SiRu 0 0.0 2.3486359119415283
SiRu 0 0.0 2.3486359119415283
SiRu 0 0.0 2.3486359119415283
SiRu 0 0.0 2.3486359119415283
SiRu 0 0.0 2.3486359119415283
SiRu 0 0.0 2.3486359119415283
SiRu 0 0.0 2.3486359119415283
SiRu 0 0.0 2.3486359119415283
SiRu 0 0.0 2.3486359119415283
SiRu 0 0.0 2.3486359119415283
SiRu 0 0.0 2.3486359119415283
SiRu 0 0.0 2.3486359119415283
SiRu 0 0.0 2.3486359119415283
SiRu 0 0.0 2.3486359119415283
SiRu 0 0.0 2.3486359119415283
SiRu 0 0.0 2.3486359119415283
SiRu 0 0.0 2.3486359119415283
SiRu 0 0.0 2.3486359119415283
SiRu 0 0.0 2.3486359119415283
SiRu 0 0.0 2.3486359119415283
SiRu 0 0.0 2.3486359119415283
SiRu 0 0.0 2.3486359119415283
SiRu 0 0.0 2.3486359119415283
SiRu 0 0.0 2.3486359119415283
SiRu 0 0.0 2.3486359119415283
SiRu 0 0.0 2.3486359119415283
SiRu 0 0.0 2.633460760116577
SiRu 0 0.0 2.633460760116577
SiRu 0 0.0 2.633460760116577
SiRu 0 0.0 2.633460760116577
SiRu 0 0.0 2.633460760116577
SiRu 0 0.0 2.633460760116577
SiRu 0 0.0 2.633460760116577
SiRu 0 0.0 2.633460760116577
SiRu 0 0.0 2.633460760116577
SiRu 0 0.0 2.633460760116577
SiRu 0 0.0 2.633460760116577
SiRu 0 0.0 2.633460760116577
SiRu 0 0.0 2.9063351154327393
SiRu 0 0.0 4.113063335418701
SiRu 0 0.0 inf
SiRu 1 4.743981838226318 4.812897682189941
SiRu 1 4.743981838226318 4.812897682189941
SiRu 1 4.718016147613525 4.743981838226318
SiRu 1 4.718016147613525 4.743981838226318
SiRu 1 4.718016147613525 4.743981838226318
SiRu 1 4.718016147613525 4.743981838226318
SiRu 1 4.718016147613525 4.743981838226318
SiRu 1 4.56515645980835 5.019001007080078
SiRu 1 4.56515645980835 4.743981838226318
SiRu 1 4.56515645980835 5.019001007080078
SiRu 1 4.56515645980835 4.812897682189941
SiRu 1 4.113063335418701 5.019001007080078
SiRu 1 4.113063335418701 4.975337028503418
SiRu 1 3.8386638164520264 4.029261589050293
SiRu 1 3.8386638164520264 4.743981838226318
SiRu 1 3.8125200271606445 3.9237101078033447
SiRu 1 3.8125200271606445 3.8386638164520264
SiRu 1 3.8125200271606445 3.8386638164520264
SiRu 1 3.8125200271606445 3.8386638164520264
SiRu 1 3.8125200271606445 3.8386638164520264
SiRu 1 3.7694246768951416 3.8386638164520264
SiRu 1 3.7694246768951416 4.029261589050293
SiRu 1 3.095306396484375 4.113063335418701
SiRu 1 3.095306396484375 3.103823661804199
SiRu 1 3.095306396484375 3.103823661804199
SiRu 1 3.095306396484375 3.103823661804199
SiRu 1 2.633460760116577 3.103823661804199
SiRu 1 2.633460760116577 3.103823661804199
SiRu 1 2.633460760116577 3.103823661804199
SiRu 1 2.633460760116577 3.103823661804199
SiRu 1 2.633460760116577 3.103823661804199
SiRu 1 2.633460760116577 3.103823661804199
SiRu 1 2.633460760116577 3.103823661804199
SiRu 1 2.633460760116577 3.103823661804199
SiRu 1 2.633460760116577 3.103823661804199
SiRu 1 2.633460760116577 3.103823661804199
SiRu 1 2.633460760116577 3.103823661804199
SiRu 1 2.633460760116577 4.743981838226318
SiRu 1 2.633460760116577 3.9237101078033447
SiRu 1 2.633460760116577 2.9063351154327393
SiRu 1 2.633460760116577 2.9063351154327393
SiRu 1 2.633460760116577 3.8386638164520264
SiRu 1 2.633460760116577 4.113063335418701
SiRu 1 2.633460760116577 2.9063351154327393
SiRu 1 2.633460760116577 4.743981838226318
SiRu 1 2.633460760116577 3.103823661804199
SiRu 1 2.633460760116577 2.9063351154327393
SiRu 1 2.633460760116577 3.103823661804199
SiRu 1 2.633460760116577 3.8386638164520264
SiRu 1 2.633460760116577 2.9063351154327393
SiRu 1 2.633460760116577 3.103823661804199
SiRu 1 2.633460760116577 3.8386638164520264
SiRu 1 2.633460760116577 2.9063351154327393
SiRu 1 2.633460760116577 2.9063351154327393
SiRu 1 2.633460760116577 3.103823661804199
SiRu 1 2.633460760116577 2.9063351154327393
SiRu 1 2.633460760116577 2.9063351154327393
SiRu 1 2.633460760116577 4.113063335418701
SiRu 1 2.633460760116577 2.9063351154327393
SiRu 1 2.633460760116577 2.9063351154327393
SiRu 1 2.633460760116577 2.945707082748413
SiRu 1 2.633460760116577 2.945707082748413
SiRu 1 2.633460760116577 2.9063351154327393
SiRu 1 2.633460760116577 2.945707082748413
SiRu 1 2.633460760116577 2.945707082748413
SiRu 1 2.633460760116577 2.9063351154327393
SiRu 1 2.3486359119415283 3.8386638164520264
SiRu 1 2.3486359119415283 3.9237101078033447
SiRu 1 2.3486359119415283 3.8386638164520264
SiRu 1 2.3486359119415283 4.113063335418701
SiRu 2 5.464418888092041 5.563465595245361
SiRu 2 5.369647979736328 5.563465595245361
SiRu 2 5.019001007080078 5.563465595245361
SiRu 2 4.779141902923584 5.124343395233154
SiRu 2 4.743981838226318 4.812897682189941
SiRu 2 4.743981838226318 4.812897682189941
SiRu 2 4.113063335418701 4.812897682189941
SiSi 0 0.0 2.1630799770355225
SiSi 0 0.0 2.1630799770355225
SiSi 0 0.0 2.1630799770355225
SiSi 0 0.0 2.1630799770355225
SiSi 0 0.0 2.1630799770355225
SiSi 0 0.0 2.1630799770355225
SiSi 0 0.0 2.9063351154327393
SiSi 0 0.0 2.9063351154327393
SiSi 0 0.0 2.9063351154327393
SiSi 0 0.0 2.9063351154327393
SiSi 0 0.0 2.9063351154327393
SiSi 0 0.0 2.9063351154327393
SiSi 0 0.0 2.9063351154327393
SiSi 0 0.0 2.9063351154327393
SiSi 0 0.0 2.9063351154327393
SiSi 0 0.0 2.9063351154327393
SiSi 0 0.0 2.9063351154327393
SiSi 0 0.0 2.9063351154327393
SiSi 0 0.0 2.9063351154327393
SiSi 0 0.0 2.9063351154327393
SiSi 0 0.0 2.9063351154327393
SiSi 0 0.0 2.9063351154327393
SiSi 0 0.0 2.9063351154327393
SiSi 0 0.0 2.9063351154327393
SiSi 0 0.0 2.9063351154327393
SiSi 0 0.0 2.9063351154327393
SiSi 0 0.0 2.9063351154327393
SiSi 0 0.0 2.9063351154327393
SiSi 0 0.0 2.9063351154327393
SiSi 0 0.0 2.9063351154327393
SiSi 0 0.0 2.9063351154327393
SiSi 0 0.0 2.9063351154327393
SiSi 0 0.0 2.9063351154327393
SiSi 0 0.0 3.236227512359619
SiSi 0 0.0 3.236227512359619
SiSi 0 0.0 3.236227512359619
SiSi 0 0.0 3.236227512359619
SiSi 0 0.0 3.236227512359619
SiSi 0 0.0 3.236227512359619
SiSi 0 0.0 3.236227512359619
SiSi 0 0.0 3.236227512359619
SiSi 0 0.0 3.236227512359619
SiSi 0 0.0 3.236227512359619
SiSi 0 0.0 3.236227512359619
SiSi 0 0.0 3.236227512359619
SiSi 0 0.0 3.7694246768951416
SiSi 0 0.0 3.7694246768951416
SiSi 0 0.0 4.743981838226318
SiSi 0 0.0 inf
SiSi 1 4.743981838226318 4.812897682189941
SiSi 1 4.743981838226318 4.812897682189941
SiSi 1 4.743981838226318 4.812897682189941
SiSi 1 4.743981838226318 5.019001007080078
SiSi 1 4.743981838226318 5.019001007080078
SiSi 1 4.743981838226318 5.378267765045166
SiSi 1 4.743981838226318 5.019001007080078
SiSi 1 4.743981838226318 5.378267765045166
SiSi 1 4.029261589050293 4.743981838226318
SiSi 1 4.029261589050293 4.743981838226318
SiSi 1 4.029261589050293 4.743981838226318
SiSi 1 3.7694246768951416 4.743981838226318
SiSi 1 3.7694246768951416 4.743981838226318
SiSi 1 3.7694246768951416 4.029261589050293
SiSi 1 3.7694246768951416 4.029261589050293
SiSi 1 3.7694246768951416 4.029261589050293
SiSi 1 3.7694246768951416 4.029261589050293
SiSi 1 3.7694246768951416 4.743981838226318
SiSi 1 3.7694246768951416 4.029261589050293
SiSi 1 3.7694246768951416 4.029261589050293
SiSi 1 3.7694246768951416 4.029261589050293
SiSi 1 3.7694246768951416 4.743981838226318
SiSi 1 3.7694246768951416 4.029261589050293
SiSi 1 3.7694246768951416 4.029261589050293
SiSi 1 3.7694246768951416 4.269526481628418
SiSi 1 3.7694246768951416 4.743981838226318
SiSi 1 3.236227512359619 4.743981838226318
SiSi 1 3.236227512359619 4.743981838226318
SiSi 1 3.236227512359619 4.743981838226318
SiSi 1 3.236227512359619 4.743981838226318
SiSi 1 3.236227512359619 4.743981838226318
SiSi 1 3.236227512359619 4.743981838226318
SiSi 1 3.236227512359619 4.743981838226318
SiSi 1 3.236227512359619 4.743981838226318
SiSi 2 5.378267765045166 5.563465595245361
SiSi 2 4.812897682189941 5.378267765045166
SiSi 2 4.812897682189941 5.019001007080078
SiSi 2 4.812897682189941 5.019001007080078
SiSi 2 4.812897682189941 5.019001007080078
SiSi 2 4.743981838226318 5.378267765045166
SiSi 2 4.743981838226318 5.378267765045166
SiSi 2 4.029261589050293 4.404102325439453
SiSi 2 4.029261589050293 4.404102325439453
SiRu 0 0.0 1.2620329856872559
SiRu 0 0.0 1.2620329856872559
SiRu 0 0.0 1.2620329856872559
SiRu 0 0.0 1.2620329856872559
SiRu 0 0.0 1.2620329856872559
SiRu 0 0.0 1.2620329856872559
SiRu 0 0.0 1.2620329856872559
SiRu 0 0.0 1.2620329856872559
SiRu 0 0.0 1.2620329856872559
SiRu 0 0.0 1.2620329856872559
SiRu 0 0.0 1.2620329856872559
SiRu 0 0.0 1.2620329856872559
SiRu 0 0.0 1.2620329856872559
SiRu 0 0.0 1.2620329856872559
SiRu 0 0.0 1.2620329856872559
SiRu 0 0.0 1.2620329856872559
SiRu 0 0.0 1.2620329856872559
SiRu 0 0.0 1.2620329856872559
SiRu 0 0.0 1.2620329856872559
SiRu 0 0.0 1.2620329856872559
SiRu 0 0.0 1.2620329856872559
SiRu 0 0.0 1.2620329856872559
SiRu 0 0.0 1.2620329856872559
SiRu 0 0.0 1.2620329856872559
SiRu 0 0.0 1.2620329856872559
SiRu 0 0.0 1.2620329856872559
SiRu 0 0.0 1.2620329856872559
SiRu 0 0.0 1.2620329856872559
SiRu 0 0.0 1.2620329856872559
SiRu 0 0.0 1.2620329856872559
SiRu 0 0.0 1.2620329856872559
SiRu 0 0.0 2.1778886318206787
SiRu 0 0.0 2.1778886318206787
SiRu 0 0.0 2.1778886318206787
SiRu 0 0.0 2.1778886318206787
SiRu 0 0.0 2.1778886318206787
SiRu 0 0.0 2.1778886318206787
SiRu 0 0.0 2.3486359119415283
SiRu 0 0.0 2.3486359119415283
SiRu 0 0.0 2.3486359119415283
SiRu 0 0.0 2.3486359119415283
SiRu 0 0.0 2.3486359119415283
SiRu 0 0.0 2.3486359119415283
SiRu 0 0.0 2.3486359119415283
SiRu 0 0.0 2.3486359119415283
SiRu 0 0.0 2.3486359119415283
SiRu 0 0.0 2.3486359119415283
SiRu 0 0.0 2.3486359119415283
SiRu 0 0.0 2.3486359119415283
SiRu 0 0.0 2.3486359119415283
SiRu 0 0.0 2.3486359119415283
SiRu 0 0.0 2.3486359119415283
SiRu 0 0.0 2.3486359119415283
SiRu 0 0.0 2.3486359119415283
SiRu 0 0.0 2.3486359119415283
SiRu 0 0.0 2.3486359119415283
SiRu 0 0.0 2.3486359119415283
SiRu 0 0.0 2.3486359119415283
SiRu 0 0.0 2.3486359119415283
SiRu 0 0.0 2.3486359119415283
SiRu 0 0.0 2.3486359119415283
SiRu 0 0.0 2.3486359119415283
SiRu 0 0.0 2.3486359119415283
SiRu 0 0.0 2.3486359119415283
SiRu 0 0.0 2.3486359119415283
SiRu 0 0.0 2.3486359119415283
SiRu 0 0.0 2.3486359119415283
SiRu 0 0.0 2.3486359119415283
SiRu 0 0.0 2.3486359119415283
SiRu 0 0.0 2.3486359119415283
SiRu 0 0.0 2.3486359119415283
SiRu 0 0.0 2.3486359119415283
SiRu 0 0.0 2.3486359119415283
SiRu 0 0.0 2.3486359119415283
SiRu 0 0.0 2.3486359119415283
SiRu 0 0.0 2.3486359119415283
SiRu 0 0.0 2.3486359119415283
SiRu 0 0.0 2.3486359119415283
SiRu 0 0.0 2.3486359119415283
SiRu 0 0.0 2.3486359119415283
SiRu 0 0.0 2.3486359119415283
SiRu 0 0.0 2.633460760116577
SiRu 0 0.0 2.633460760116577
SiRu 0 0.0 2.633460760116577
SiRu 0 0.0 2.633460760116577
SiRu 0 0.0 2.633460760116577
SiRu 0 0.0 2.633460760116577
SiRu 0 0.0 2.633460760116577
SiRu 0 0.0 2.633460760116577
SiRu 0 0.0 2.633460760116577
SiRu 0 0.0 2.633460760116577
SiRu 0 0.0 2.633460760116577
SiRu 0 0.0 2.633460760116577
SiRu 0 0.0 2.9063351154327393
SiRu 0 0.0 4.113063335418701
SiRu 0 0.0 inf
SiRu 1 4.743981838226318 4.812897682189941
SiRu 1 4.743981838226318 4.812897682189941
SiRu 1 4.718016147613525 4.743981838226318
SiRu 1 4.718016147613525 4.743981838226318
SiRu 1 4.718016147613525 4.743981838226318
SiRu 1 4.718016147613525 4.743981838226318
SiRu 1 4.718016147613525 4.743981838226318
SiRu 1 4.56515645980835 5.019001007080078
SiRu 1 4.56515645980835 4.743981838226318
SiRu 1 4.56515645980835 5.019001007080078
SiRu 1 4.56515645980835 4.812897682189941
SiRu 1 4.113063335418701 5.019001007080078
SiRu 1 4.113063335418701 4.975337028503418
SiRu 1 3.8386638164520264 4.743981838226318
SiRu 1 3.8386638164520264 4.029261589050293
SiRu 1 3.8125200271606445 3.9237101078033447
SiRu 1 3.8125200271606445 3.8386638164520264
SiRu 1 3.8125200271606445 3.8386638164520264
SiRu 1 3.8125200271606445 3.8386638164520264
SiRu 1 3.8125200271606445 3.8386638164520264
SiRu 1 3.7694246768951416 4.029261589050293
SiRu 1 3.7694246768951416 3.8386638164520264
SiRu 1 3.095306396484375 4.113063335418701
SiRu 1 3.095306396484375 3.103823661804199
SiRu 1 3.095306396484375 3.103823661804199
SiRu 1 3.095306396484375 3.103823661804199
SiRu 1 2.633460760116577 3.103823661804199
SiRu 1 2.633460760116577 3.103823661804199
SiRu 1 2.633460760116577 3.103823661804199
SiRu 1 2.633460760116577 3.103823661804199
SiRu 1 2.633460760116577 3.103823661804199
SiRu 1 2.633460760116577 3.103823661804199
SiRu 1 2.633460760116577 3.103823661804199
SiRu 1 2.633460760116577 3.103823661804199
SiRu 1 2.633460760116577 3.103823661804199
SiRu 1 2.633460760116577 3.103823661804199
SiRu 1 2.633460760116577 3.103823661804199
SiRu 1 2.633460760116577 4.743981838226318
SiRu 1 2.633460760116577 4.113063335418701
SiRu 1 2.633460760116577 2.9063351154327393
SiRu 1 2.633460760116577 3.8386638164520264
SiRu 1 2.633460760116577 4.113063335418701
SiRu 1 2.633460760116577 4.743981838226318
SiRu 1 2.633460760116577 2.9063351154327393
SiRu 1 2.633460760116577 2.9063351154327393
SiRu 1 2.633460760116577 3.103823661804199
SiRu 1 2.633460760116577 3.9237101078033447
SiRu 1 2.633460760116577 3.103823661804199
SiRu 1 2.633460760116577 2.9063351154327393
SiRu 1 2.633460760116577 3.8386638164520264
SiRu 1 2.633460760116577 2.945707082748413
SiRu 1 2.633460760116577 2.9063351154327393
SiRu 1 2.633460760116577 2.945707082748413
SiRu 1 2.633460760116577 3.103823661804199
SiRu 1 2.633460760116577 2.9063351154327393
SiRu 1 2.633460760116577 3.8386638164520264
SiRu 1 2.633460760116577 2.945707082748413
SiRu 1 2.633460760116577 2.9063351154327393
SiRu 1 2.633460760116577 2.945707082748413
SiRu 1 2.633460760116577 2.9063351154327393
SiRu 1 2.633460760116577 3.103823661804199
SiRu 1 2.633460760116577 2.9063351154327393
SiRu 1 2.633460760116577 2.9063351154327393
SiRu 1 2.633460760116577 2.9063351154327393
SiRu 1 2.633460760116577 2.9063351154327393
SiRu 1 2.633460760116577 2.9063351154327393
SiRu 1 2.3486359119415283 3.8386638164520264
SiRu 1 2.3486359119415283 4.113063335418701
SiRu 1 2.3486359119415283 3.8386638164520264
SiRu 1 2.3486359119415283 3.9237101078033447
SiRu 2 5.464418888092041 5.563465595245361
SiRu 2 5.369647979736328 5.563465595245361
SiRu 2 5.019001007080078 5.563465595245361
SiRu 2 4.779141902923584 5.124343395233154
SiRu 2 4.743981838226318 4.812897682189941
SiRu 2 4.743981838226318 4.812897682189941
SiRu 2 4.113063335418701 4.812897682189941
SiSi 0 0.0 2.1630799770355225
SiSi 0 0.0 2.1630799770355225
SiSi 0 0.0 2.1630799770355225
SiSi 0 0.0 2.1630799770355225
SiSi 0 0.0 2.1630799770355225
SiSi 0 0.0 2.1630799770355225
SiSi 0 0.0 2.1630799770355225
SiSi 0 0.0 2.1630799770355225
SiSi 0 0.0 2.1630799770355225
SiSi 0 0.0 2.1630799770355225
SiSi 0 0.0 2.1630799770355225
SiSi 0 0.0 2.1630799770355225
SiSi 0 0.0 2.1630799770355225
SiSi 0 0.0 2.1630799770355225
SiSi 0 0.0 2.1630799770355225
SiSi 0 0.0 2.1630799770355225
SiSi 0 0.0 2.1630799770355225
SiSi 0 0.0 2.1630799770355225
SiSi 0 0.0 2.1630799770355225
SiSi 0 0.0 2.1630799770355225
SiSi 0 0.0 2.1630799770355225
SiSi 0 0.0 2.1630799770355225
SiSi 0 0.0 2.1630799770355225
SiSi 0 0.0 2.1630799770355225
SiSi 0 0.0 2.1630799770355225
SiSi 0 0.0 2.1630799770355225
SiSi 0 0.0 2.1630799770355225
SiSi 0 0.0 2.1630799770355225
SiSi 0 0.0 2.1630799770355225
SiSi 0 0.0 2.1630799770355225
SiSi 0 0.0 2.1630799770355225
SiSi 0 0.0 2.1630799770355225
SiSi 0 0.0 2.1630799770355225
SiSi 0 0.0 2.9063351154327393
SiSi 0 0.0 2.9063351154327393
SiSi 0 0.0 2.9063351154327393
SiSi 0 0.0 2.9063351154327393
SiSi 0 0.0 2.9063351154327393
SiSi 0 0.0 2.9063351154327393
SiSi 0 0.0 2.9063351154327393
SiSi 0 0.0 2.9063351154327393
SiSi 0 0.0 2.9063351154327393
SiSi 0 0.0 2.9063351154327393
SiSi 0 0.0 2.9063351154327393
SiSi 0 0.0 2.9063351154327393
SiSi 0 0.0 2.9063351154327393
SiSi 0 0.0 2.9063351154327393
SiSi 0 0.0 2.9063351154327393
SiSi 0 0.0 3.231206178665161
SiSi 0 0.0 3.231206178665161
SiSi 0 0.0 3.231206178665161
SiSi 0 0.0 3.231206178665161
SiSi 0 0.0 3.231206178665161
SiSi 0 0.0 3.231206178665161
SiSi 0 0.0 inf
SiSi 1 4.743981838226318 4.812897682189941
SiSi 1 4.743981838226318 4.812897682189941
SiSi 1 4.743981838226318 4.812897682189941
SiSi 1 4.404102325439453 5.0157647132873535
SiSi 1 4.404102325439453 5.0157647132873535
SiSi 1 4.404102325439453 5.0157647132873535
SiSi 1 4.029261589050293 4.404102325439453
SiSi 1 4.029261589050293 4.404102325439453
SiSi 1 4.029261589050293 4.404102325439453
SiSi 1 3.7694246768951416 4.029261589050293
SiSi 1 3.7694246768951416 4.269526481628418
SiSi 1 3.7694246768951416 4.269526481628418
SiSi 1 3.7694246768951416 4.029261589050293
SiSi 1 3.7694246768951416 4.269526481628418
SiSi 1 3.7694246768951416 4.029261589050293
SiSi 1 3.7694246768951416 4.029261589050293
SiSi 1 3.7694246768951416 4.029261589050293
SiSi 1 3.7694246768951416 4.269526481628418
SiSi 1 3.7694246768951416 4.269526481628418
SiSi 1 3.7694246768951416 4.269526481628418
SiSi 1 3.231206178665161 4.812897682189941
SiSi 1 3.231206178665161 4.812897682189941
SiSi 1 3.231206178665161 4.812897682189941
SiSi 1 2.9063351154327393 4.269526481628418
SiSi 1 2.9063351154327393 4.269526481628418
SiSi 1 2.9063351154327393 4.269526481628418
SiSi 2 4.812897682189941 5.378267765045166
SiSi 2 4.029261589050293 4.404102325439453
SiRu 0 0.0 1.2620329856872559
SiRu 0 0.0 1.2620329856872559
SiRu 0 0.0 1.2620329856872559
SiRu 0 0.0 1.2620329856872559
SiRu 0 0.0 1.2620329856872559
SiRu 0 0.0 1.2620329856872559
SiRu 0 0.0 1.2620329856872559
SiRu 0 0.0 1.2620329856872559
SiRu 0 0.0 1.2620329856872559
SiRu 0 0.0 1.2620329856872559
SiRu 0 0.0 1.2620329856872559
SiRu 0 0.0 1.2620329856872559
SiRu 0 0.0 1.2620329856872559
SiRu 0 0.0 1.2620329856872559
SiRu 0 0.0 1.2620329856872559
SiRu 0 0.0 1.2620329856872559
SiRu 0 0.0 1.2620329856872559
SiRu 0 0.0 1.2620329856872559
SiRu 0 0.0 1.2620329856872559
SiRu 0 0.0 1.2620329856872559
SiRu 0 0.0 1.2620329856872559
SiRu 0 0.0 1.2620329856872559
SiRu 0 0.0 1.2620329856872559
SiRu 0 0.0 1.2620329856872559
SiRu 0 0.0 1.2620329856872559
SiRu 0 0.0 1.2620329856872559
SiRu 0 0.0 1.2620329856872559
SiRu 0 0.0 1.2620329856872559
SiRu 0 0.0 1.2620329856872559
SiRu 0 0.0 1.2620329856872559
SiRu 0 0.0 1.2620329856872559
SiRu 0 0.0 1.2620329856872559
SiRu 0 0.0 1.2620329856872559
SiRu 0 0.0 1.2620329856872559
SiRu 0 0.0 1.2620329856872559
SiRu 0 0.0 1.2620329856872559
SiRu 0 0.0 1.2620329856872559
SiRu 0 0.0 1.2620329856872559
SiRu 0 0.0 1.2620329856872559
SiRu 0 0.0 1.2620329856872559
SiRu 0 0.0 1.2620329856872559
SiRu 0 0.0 1.2620329856872559
SiRu 0 0.0 1.2620329856872559
SiRu 0 0.0 1.2620329856872559
SiRu 0 0.0 1.2620329856872559
SiRu 0 0.0 1.2620329856872559
SiRu 0 0.0 1.2620329856872559
SiRu 0 0.0 1.2620329856872559
SiRu 0 0.0 1.2620329856872559
SiRu 0 0.0 1.2620329856872559
SiRu 0 0.0 1.2620329856872559
SiRu 0 0.0 1.2620329856872559
SiRu 0 0.0 1.2620329856872559
SiRu 0 0.0 1.2620329856872559
SiRu 0 0.0 1.2620329856872559
SiRu 0 0.0 1.2620329856872559
SiRu 0 0.0 1.2620329856872559
SiRu 0 0.0 1.2620329856872559
SiRu 0 0.0 1.2620329856872559
SiRu 0 0.0 1.2620329856872559
SiRu 0 0.0 1.2620329856872559
SiRu 0 0.0 1.2620329856872559
SiRu 0 0.0 1.2620329856872559
SiRu 0 0.0 1.2620329856872559
SiRu 0 0.0 1.2620329856872559
SiRu 0 0.0 1.2620329856872559
SiRu 0 0.0 1.2620329856872559
SiRu 0 0.0 1.2620329856872559
SiRu 0 0.0 1.2620329856872559
SiRu 0 0.0 1.2620329856872559
SiRu 0 0.0 1.2620329856872559
SiRu 0 0.0 1.2620329856872559
SiRu 0 0.0 1.2620329856872559
SiRu 0 0.0 1.2620329856872559
SiRu 0 0.0 1.2620329856872559
SiRu 0 0.0 1.2620329856872559
SiRu 0 0.0 1.2620329856872559
SiRu 0 0.0 1.2620329856872559
SiRu 0 0.0 1.2620329856872559
SiRu 0 0.0 1.2620329856872559
SiRu 0 0.0 1.2620329856872559
SiRu 0 0.0 1.2620329856872559
SiRu 0 0.0 1.2620329856872559
SiRu 0 0.0 1.2620329856872559
SiRu 0 0.0 1.2620329856872559
SiRu 0 0.0 1.2620329856872559
SiRu 0 0.0 1.2620329856872559
SiRu 0 0.0 1.2620329856872559
SiRu 0 0.0 1.2620329856872559
SiRu 0 0.0 1.2620329856872559
SiRu 0 0.0 1.2620329856872559
SiRu 0 0.0 1.2620329856872559
SiRu 0 0.0 1.2620329856872559
SiRu 0 0.0 2.3486359119415283
SiRu 0 0.0 2.3486359119415283
SiRu 0 0.0 2.3486359119415283
SiRu 0 0.0 2.3486359119415283
SiRu 0 0.0 2.3486359119415283
SiRu 0 0.0 2.3486359119415283
SiRu 0 0.0 2.3486359119415283
SiRu 0 0.0 2.3486359119415283
SiRu 0 0.0 2.3486359119415283
SiRu 0 0.0 2.3486359119415283
SiRu 0 0.0 2.3486359119415283
SiRu 0 0.0 2.3486359119415283
SiRu 0 0.0 2.3486359119415283
SiRu 0 0.0 2.3486359119415283
SiRu 0 0.0 2.3486359119415283
SiRu 0 0.0 2.3486359119415283
SiRu 0 0.0 2.3486359119415283
SiRu 0 0.0 2.3486359119415283
SiRu 0 0.0 2.3486359119415283
SiRu 0 0.0 2.3486359119415283
SiRu 0 0.0 2.3486359119415283
SiRu 0 0.0 2.3486359119415283
SiRu 0 0.0 2.3486359119415283
SiRu 0 0.0 2.3486359119415283
SiRu 0 0.0 2.3486359119415283
SiRu 0 0.0 3.241138219833374
SiRu 0 0.0 3.241138219833374
SiRu 0 0.0 3.241138219833374
SiRu 0 0.0 inf
SiRu 1 4.546990394592285 4.56515645980835
SiRu 1 4.546990394592285 4.56515645980835
SiRu 1 4.546990394592285 4.56515645980835
SiRu 1 3.8125200271606445 3.9937527179718018
SiRu 1 3.8125200271606445 4.459793567657471
SiRu 1 3.8125200271606445 3.8386638164520264
SiRu 1 3.8125200271606445 4.459793567657471
SiRu 1 3.8125200271606445 3.8386638164520264
SiRu 1 3.8125200271606445 3.9937527179718018
SiRu 1 3.8125200271606445 3.9937527179718018
SiRu 1 3.8125200271606445 4.459793567657471
SiRu 1 3.8125200271606445 3.8386638164520264
SiRu 1 3.7694246768951416 3.8386638164520264
SiRu 1 3.7694246768951416 3.8386638164520264
SiRu 1 3.7694246768951416 3.8386638164520264
SiRu 1 3.7694246768951416 3.8386638164520264
SiRu 1 3.7694246768951416 3.8386638164520264
SiRu 1 3.7694246768951416 3.8386638164520264
SiRu 1 3.241138219833374 4.404102325439453
SiRu 1 3.241138219833374 4.404102325439453
SiRu 1 3.241138219833374 4.593961238861084
SiRu 1 3.241138219833374 4.593961238861084
SiRu 1 3.241138219833374 4.56515645980835
SiRu 1 3.241138219833374 4.404102325439453
SiRu 1 3.241138219833374 4.404102325439453
SiRu 1 3.241138219833374 4.56515645980835
SiRu 1 3.241138219833374 4.404102325439453
SiRu 1 3.241138219833374 4.404102325439453
SiRu 1 3.241138219833374 4.593961238861084
SiRu 1 3.241138219833374 4.56515645980835
SiRu 1 2.633460760116577 2.9063351154327393
SiRu 1 2.633460760116577 2.9063351154327393
SiRu 1 2.633460760116577 2.945707082748413
SiRu 1 2.633460760116577 2.9063351154327393
SiRu 1 2.633460760116577 2.945707082748413
SiRu 1 2.633460760116577 2.9063351154327393
SiRu 1 2.633460760116577 2.945707082748413
SiRu 1 2.633460760116577 2.9063351154327393
SiRu 1 2.633460760116577 2.9063351154327393
SiRu 1 2.633460760116577 2.9063351154327393
SiRu 1 2.633460760116577 2.9063351154327393
SiRu 1 2.633460760116577 2.9063351154327393
SiRu 1 2.3486359119415283 2.945707082748413
SiRu 1 2.3486359119415283 4.459793567657471
SiRu 1 2.3486359119415283 2.945707082748413
SiRu 1 2.3486359119415283 2.945707082748413
SiRu 1 2.3486359119415283 4.459793567657471
SiRu 1 2.3486359119415283 2.945707082748413
SiRu 1 2.3486359119415283 3.8386638164520264
SiRu 1 2.3486359119415283 2.945707082748413
SiRu 1 2.3486359119415283 4.459793567657471
SiRu 1 2.3486359119415283 3.8386638164520264
SiRu 1 2.3486359119415283 3.8386638164520264
SiRu 2 5.1416826248168945 6.135799407958984
SiRu 2 4.743981838226318 5.124343395233154
SiRu 2 4.743981838226318 5.124343395233154
SiRu 2 4.743981838226318 5.124343395233154
SiRu 2 4.593961238861084 5.124343395233154
SiRu 2 4.593961238861084 5.124343395233154
SiRu 2 4.593961238861084 5.124343395233154
RuSi 0 0.0 1.2620329856872559
RuSi 0 0.0 1.2620329856872559
RuSi 0 0.0 1.2620329856872559
RuSi 0 0.0 1.2620329856872559
RuSi 0 0.0 1.2620329856872559
RuSi 0 0.0 1.2620329856872559
RuSi 0 0.0 1.2620329856872559
RuSi 0 0.0 1.2620329856872559
RuSi 0 0.0 1.2620329856872559
RuSi 0 0.0 1.2620329856872559
RuSi 0 0.0 1.2620329856872559
RuSi 0 0.0 1.2620329856872559
RuSi 0 0.0 1.2620329856872559
RuSi 0 0.0 1.2620329856872559
RuSi 0 0.0 1.2620329856872559
RuSi 0 0.0 1.2620329856872559
RuSi 0 0.0 1.2620329856872559
RuSi 0 0.0 1.2620329856872559
RuSi 0 0.0 1.2620329856872559
RuSi 0 0.0 1.2620329856872559
RuSi 0 0.0 1.2620329856872559
RuSi 0 0.0 1.2620329856872559
RuSi 0 0.0 1.2620329856872559
RuSi 0 0.0 1.2620329856872559
RuSi 0 0.0 1.2620329856872559
RuSi 0 0.0 1.2620329856872559
RuSi 0 0.0 1.2620329856872559
RuSi 0 0.0 1.2620329856872559
RuSi 0 0.0 1.2620329856872559
RuSi 0 0.0 1.2620329856872559
RuSi 0 0.0 1.2620329856872559
RuSi 0 0.0 1.2620329856872559
RuSi 0 0.0 1.2620329856872559
RuSi 0 0.0 1.2620329856872559
RuSi 0 0.0 1.2620329856872559
RuSi 0 0.0 1.2620329856872559
RuSi 0 0.0 1.2620329856872559
RuSi 0 0.0 1.2620329856872559
RuSi 0 0.0 1.2620329856872559
RuSi 0 0.0 1.2620329856872559
RuSi 0 0.0 1.2620329856872559
RuSi 0 0.0 1.2620329856872559
RuSi 0 0.0 1.2620329856872559
RuSi 0 0.0 1.2620329856872559
RuSi 0 0.0 1.2620329856872559
RuSi 0 0.0 1.2620329856872559
RuSi 0 0.0 1.2620329856872559
RuSi 0 0.0 1.2620329856872559
RuSi 0 0.0 1.2620329856872559
RuSi 0 0.0 1.2620329856872559
RuSi 0 0.0 1.2620329856872559
RuSi 0 0.0 1.2620329856872559
RuSi 0 0.0 1.2620329856872559
RuSi 0 0.0 1.2620329856872559
RuSi 0 0.0 1.2620329856872559
RuSi 0 0.0 1.2620329856872559
RuSi 0 0.0 1.2620329856872559
RuSi 0 0.0 1.2620329856872559
RuSi 0 0.0 1.2620329856872559
RuSi 0 0.0 1.2620329856872559
RuSi 0 0.0 1.2620329856872559
RuSi 0 0.0 1.2620329856872559
RuSi 0 0.0 1.2620329856872559
RuSi 0 0.0 1.2620329856872559
RuSi 0 0.0 1.2620329856872559
RuSi 0 0.0 1.2620329856872559
RuSi 0 0.0 1.2620329856872559
RuSi 0 0.0 1.2620329856872559
RuSi 0 0.0 1.2620329856872559
RuSi 0 0.0 1.2620329856872559
RuSi 0 0.0 1.2620329856872559
RuSi 0 0.0 1.2620329856872559
RuSi 0 0.0 1.2620329856872559
RuSi 0 0.0 1.2620329856872559
RuSi 0 0.0 1.2620329856872559
RuSi 0 0.0 1.2620329856872559
RuSi 0 0.0 1.2620329856872559
RuSi 0 0.0 1.2620329856872559
RuSi 0 0.0 1.2620329856872559
RuSi 0 0.0 2.1630799770355225
RuSi 0 0.0 2.1778886318206787
RuSi 0 0.0 2.1778886318206787
RuSi 0 0.0 2.1778886318206787
RuSi 0 0.0 2.1778886318206787
RuSi 0 0.0 2.1778886318206787
RuSi 0 0.0 2.3486359119415283
RuSi 0 0.0 2.3486359119415283
RuSi 0 0.0 2.3486359119415283
RuSi 0 0.0 2.3486359119415283
RuSi 0 0.0 2.3486359119415283
RuSi 0 0.0 2.3486359119415283
RuSi 0 0.0 2.3486359119415283
RuSi 0 0.0 2.3486359119415283
RuSi 0 0.0 2.3486359119415283
RuSi 0 0.0 2.3486359119415283
RuSi 0 0.0 2.3486359119415283
RuSi 0 0.0 2.3486359119415283
RuSi 0 0.0 2.3486359119415283
RuSi 0 0.0 2.3486359119415283
RuSi 0 0.0 2.3486359119415283
RuSi 0 0.0 2.3486359119415283
RuSi 0 0.0 2.3486359119415283
RuSi 0 0.0 2.3486359119415283
RuSi 0 0.0 2.3486359119415283
RuSi 0 0.0 2.3486359119415283
RuSi 0 0.0 2.3486359119415283
RuSi 0 0.0 2.3486359119415283
RuSi 0 0.0 2.3486359119415283
RuSi 0 0.0 2.3486359119415283
RuSi 0 0.0 2.3486359119415283
RuSi 0 0.0 2.3486359119415283
RuSi 0 0.0 2.3486359119415283
RuSi 0 0.0 2.3486359119415283
RuSi 0 0.0 2.3486359119415283
RuSi 0 0.0 2.3486359119415283
RuSi 0 0.0 2.3486359119415283
RuSi 0 0.0 2.3486359119415283
RuSi 0 0.0 2.3486359119415283
RuSi 0 0.0 2.3486359119415283
RuSi 0 0.0 2.3486359119415283
RuSi 0 0.0 2.3486359119415283
RuSi 0 0.0 2.633460760116577
RuSi 0 0.0 2.633460760116577
RuSi 0 0.0 inf
RuSi 1 3.9937527179718018 4.593961238861084
RuSi 1 3.8125200271606445 3.9937527179718018
RuSi 1 3.8125200271606445 3.9937527179718018
RuSi 1 3.8125200271606445 4.593961238861084
RuSi 1 3.8125200271606445 3.8386638164520264
RuSi 1 3.8125200271606445 4.459793567657471
RuSi 1 3.8125200271606445 4.459793567657471
RuSi 1 3.8125200271606445 4.459793567657471
RuSi 1 3.8125200271606445 3.8386638164520264
RuSi 1 3.8125200271606445 4.459793567657471
RuSi 1 3.8125200271606445 3.8386638164520264
RuSi 1 3.8125200271606445 3.8386638164520264
RuSi 1 3.7694246768951416 3.8386638164520264
RuSi 1 3.7694246768951416 3.8386638164520264
RuSi 1 3.7694246768951416 3.8386638164520264
RuSi 1 3.7694246768951416 3.8386638164520264
RuSi 1 3.7694246768951416 3.8386638164520264
RuSi 1 3.7694246768951416 3.8386638164520264
RuSi 1 3.241138219833374 4.404102325439453
RuSi 1 3.241138219833374 4.404102325439453
RuSi 1 3.241138219833374 4.404102325439453
RuSi 1 3.236227512359619 4.459793567657471
RuSi 1 2.633460760116577 3.8386638164520264
RuSi 1 2.633460760116577 3.8386638164520264
RuSi 1 2.633460760116577 3.103823661804199
RuSi 1 2.633460760116577 3.103823661804199
RuSi 1 2.633460760116577 2.9063351154327393
RuSi 1 2.633460760116577 2.9063351154327393
RuSi 1 2.633460760116577 3.103823661804199
RuSi 1 2.633460760116577 2.9063351154327393
RuSi 1 2.633460760116577 3.103823661804199
RuSi 1 2.633460760116577 2.945707082748413
RuSi 1 2.633460760116577 2.945707082748413
RuSi 1 2.633460760116577 2.9063351154327393
RuSi 1 2.633460760116577 2.945707082748413
RuSi 1 2.633460760116577 2.945707082748413
RuSi 1 2.633460760116577 2.9063351154327393
RuSi 1 2.633460760116577 2.945707082748413
RuSi 1 2.633460760116577 2.9063351154327393
RuSi 1 2.633460760116577 2.9063351154327393
RuSi 1 2.633460760116577 2.945707082748413
RuSi 1 2.633460760116577 2.9063351154327393
RuSi 1 2.633460760116577 2.9063351154327393
RuSi 1 2.633460760116577 2.945707082748413
RuSi 1 2.633460760116577 2.9063351154327393
RuSi 1 2.633460760116577 2.9063351154327393
RuSi 1 2.633460760116577 2.9063351154327393
RuSi 1 2.633460760116577 2.9063351154327393
RuSi 1 2.633460760116577 2.945707082748413
RuSi 1 2.633460760116577 2.9063351154327393
RuSi 1 2.3486359119415283 3.8386638164520264
RuSi 1 2.3486359119415283 3.8386638164520264
RuSi 1 2.3486359119415283 2.945707082748413
RuSi 1 2.3486359119415283 2.945707082748413
RuSi 1 2.3486359119415283 4.459793567657471
RuSi 1 2.3486359119415283 2.945707082748413
RuSi 1 2.3486359119415283 3.8386638164520264
RuSi 1 2.3486359119415283 3.8386638164520264
RuSi 1 2.3486359119415283 3.8386638164520264
RuSi 1 2.3486359119415283 2.945707082748413
RuSi 1 2.3486359119415283 2.945707082748413
RuSi 1 2.3486359119415283 4.113063335418701
RuSi 1 2.3486359119415283 3.8386638164520264
RuSi 1 2.3486359119415283 3.8386638164520264
RuSi 2 4.743981838226318 5.124343395233154
RuSi 2 4.743981838226318 5.124343395233154
RuSi 2 4.743981838226318 4.812897682189941
RuSi 2 4.593961238861084 5.124343395233154
RuSi 2 4.593961238861084 5.124343395233154
RuSi 2 4.459793567657471 4.779141902923584
RuRu 0 0.0 2.1778886318206787
RuRu 0 0.0 2.1778886318206787
RuRu 0 0.0 2.1778886318206787
RuRu 0 0.0 2.1778886318206787
RuRu 0 0.0 2.1778886318206787
RuRu 0 0.0 2.1778886318206787
RuRu 0 0.0 2.1778886318206787
RuRu 0 0.0 2.1778886318206787
RuRu 0 0.0 2.1778886318206787
RuRu 0 0.0 2.1778886318206787
RuRu 0 0.0 2.1778886318206787
RuRu 0 0.0 2.1778886318206787
RuRu 0 0.0 2.1778886318206787
RuRu 0 0.0 2.1778886318206787
RuRu 0 0.0 2.1778886318206787
RuRu 0 0.0 2.1778886318206787
RuRu 0 0.0 2.1778886318206787
RuRu 0 0.0 2.1778886318206787
RuRu 0 0.0 2.1778886318206787
RuRu 0 0.0 2.1778886318206787
RuRu 0 0.0 2.1778886318206787
RuRu 0 0.0 2.1778886318206787
RuRu 0 0.0 2.1778886318206787
RuRu 0 0.0 2.1778886318206787
RuRu 0 0.0 2.1778886318206787
RuRu 0 0.0 2.1778886318206787
RuRu 0 0.0 2.1778886318206787
RuRu 0 0.0 2.9701948165893555
RuRu 0 0.0 2.9701948165893555
RuRu 0 0.0 2.9701948165893555
RuRu 0 0.0 2.9701948165893555
RuRu 0 0.0 2.9701948165893555
RuRu 0 0.0 2.9701948165893555
RuRu 0 0.0 2.9701948165893555
RuRu 0 0.0 2.9701948165893555
RuRu 0 0.0 2.9701948165893555
RuRu 0 0.0 2.9701948165893555
RuRu 0 0.0 2.9701948165893555
RuRu 0 0.0 2.9701948165893555
RuRu 0 0.0 2.9701948165893555
RuRu 0 0.0 2.9701948165893555
RuRu 0 0.0 2.9701948165893555
RuRu 0 0.0 3.103823661804199
RuRu 0 0.0 3.103823661804199
RuRu 0 0.0 3.103823661804199
RuRu 0 0.0 3.103823661804199
RuRu 0 0.0 3.103823661804199
RuRu 0 0.0 3.103823661804199
RuRu 0 0.0 3.241138219833374
RuRu 0 0.0 3.241138219833374
RuRu 0 0.0 3.241138219833374
RuRu 0 0.0 3.241138219833374
RuRu 0 0.0 3.241138219833374
RuRu 0 0.0 3.241138219833374
RuRu 0 0.0 3.241138219833374
RuRu 0 0.0 3.241138219833374
RuRu 0 0.0 3.8188788890838623
RuRu 0 0.0 inf
RuRu 1 4.743981838226318 5.1416826248168945
RuRu 1 4.546990394592285 5.1416826248168945
RuRu 1 4.546990394592285 4.779141902923584
RuRu 1 4.132604598999023 4.779141902923584
RuRu 1 4.132604598999023 4.779141902923584
RuRu 1 4.132604598999023 4.779141902923584
RuRu 1 3.9237101078033447 4.132604598999023
RuRu 1 3.9237101078033447 4.132604598999023
RuRu 1 3.9237101078033447 4.132604598999023
RuRu 1 3.9237101078033447 4.743981838226318
RuRu 1 3.8188788890838623 4.779141902923584
RuRu 1 3.8188788890838623 4.743981838226318
RuRu 1 3.8188788890838623 4.132604598999023
RuRu 1 3.241138219833374 4.132604598999023
RuRu 1 3.241138219833374 4.132604598999023
RuRu 1 3.241138219833374 4.779141902923584
RuRu 1 3.241138219833374 4.779141902923584
RuRu 1 3.241138219833374 4.779141902923584
RuRu 1 3.241138219833374 4.779141902923584
RuRu 1 3.103823661804199 4.132604598999023
RuRu 1 3.103823661804199 4.132604598999023
RuRu 1 3.103823661804199 4.132604598999023
RuRu 2 5.745462894439697 6.226726531982422
RuRu 2 5.745462894439697 6.226726531982422
RuRu 2 5.1416826248168945 6.226726531982422
RuRu 2 5.1416826248168945 6.226726531982422
RuSi 0 0.0 1.2620329856872559
RuSi 0 0.0 1.2620329856872559
RuSi 0 0.0 1.2620329856872559
RuSi 0 0.0 1.2620329856872559
RuSi 0 0.0 1.2620329856872559
RuSi 0 0.0 1.2620329856872559
RuSi 0 0.0 1.2620329856872559
RuSi 0 0.0 1.2620329856872559
RuSi 0 0.0 1.2620329856872559
RuSi 0 0.0 1.2620329856872559
RuSi 0 0.0 1.2620329856872559
RuSi 0 0.0 1.2620329856872559
RuSi 0 0.0 1.2620329856872559
RuSi 0 0.0 1.2620329856872559
RuSi 0 0.0 1.2620329856872559
RuSi 0 0.0 1.2620329856872559
RuSi 0 0.0 1.2620329856872559
RuSi 0 0.0 1.2620329856872559
RuSi 0 0.0 1.2620329856872559
RuSi 0 0.0 1.2620329856872559
RuSi 0 0.0 1.2620329856872559
RuSi 0 0.0 1.2620329856872559
RuSi 0 0.0 1.2620329856872559
RuSi 0 0.0 1.2620329856872559
RuSi 0 0.0 1.2620329856872559
RuSi 0 0.0 1.2620329856872559
RuSi 0 0.0 1.2620329856872559
RuSi 0 0.0 1.2620329856872559
RuSi 0 0.0 1.2620329856872559
RuSi 0 0.0 1.2620329856872559
RuSi 0 0.0 1.2620329856872559
RuSi 0 0.0 1.2620329856872559
RuSi 0 0.0 1.2620329856872559
RuSi 0 0.0 1.2620329856872559
RuSi 0 0.0 1.2620329856872559
RuSi 0 0.0 1.2620329856872559
RuSi 0 0.0 1.2620329856872559
RuSi 0 0.0 1.2620329856872559
RuSi 0 0.0 1.2620329856872559
RuSi 0 0.0 1.2620329856872559
RuSi 0 0.0 1.2620329856872559
RuSi 0 0.0 1.2620329856872559
RuSi 0 0.0 1.2620329856872559
RuSi 0 0.0 1.2620329856872559
RuSi 0 0.0 1.2620329856872559
RuSi 0 0.0 1.2620329856872559
RuSi 0 0.0 1.2620329856872559
RuSi 0 0.0 1.2620329856872559
RuSi 0 0.0 1.2620329856872559
RuSi 0 0.0 1.2620329856872559
RuSi 0 0.0 1.2620329856872559
RuSi 0 0.0 1.2620329856872559
RuSi 0 0.0 1.2620329856872559
RuSi 0 0.0 1.2620329856872559
RuSi 0 0.0 1.2620329856872559
RuSi 0 0.0 1.2620329856872559
RuSi 0 0.0 1.2620329856872559
RuSi 0 0.0 1.2620329856872559
RuSi 0 0.0 1.2620329856872559
RuSi 0 0.0 1.2620329856872559
RuSi 0 0.0 1.2620329856872559
RuSi 0 0.0 1.2620329856872559
RuSi 0 0.0 1.2620329856872559
RuSi 0 0.0 1.2620329856872559
RuSi 0 0.0 1.2620329856872559
RuSi 0 0.0 1.2620329856872559
RuSi 0 0.0 1.2620329856872559
RuSi 0 0.0 1.2620329856872559
RuSi 0 0.0 1.2620329856872559
RuSi 0 0.0 1.2620329856872559
RuSi 0 0.0 1.2620329856872559
RuSi 0 0.0 1.2620329856872559
RuSi 0 0.0 1.2620329856872559
RuSi 0 0.0 1.2620329856872559
RuSi 0 0.0 1.2620329856872559
RuSi 0 0.0 1.2620329856872559
RuSi 0 0.0 1.2620329856872559
RuSi 0 0.0 1.2620329856872559
RuSi 0 0.0 1.2620329856872559
RuSi 0 0.0 2.1630799770355225
RuSi 0 0.0 2.1778886318206787
RuSi 0 0.0 2.1778886318206787
RuSi 0 0.0 2.1778886318206787
RuSi 0 0.0 2.1778886318206787
RuSi 0 0.0 2.1778886318206787
RuSi 0 0.0 2.3486359119415283
RuSi 0 0.0 2.3486359119415283
RuSi 0 0.0 2.3486359119415283
RuSi 0 0.0 2.3486359119415283
RuSi 0 0.0 2.3486359119415283
RuSi 0 0.0 2.3486359119415283
RuSi 0 0.0 2.3486359119415283
RuSi 0 0.0 2.3486359119415283
RuSi 0 0.0 2.3486359119415283
RuSi 0 0.0 2.3486359119415283
RuSi 0 0.0 2.3486359119415283
RuSi 0 0.0 2.3486359119415283
RuSi 0 0.0 2.3486359119415283
RuSi 0 0.0 2.3486359119415283
RuSi 0 0.0 2.3486359119415283
RuSi 0 0.0 2.3486359119415283
RuSi 0 0.0 2.3486359119415283
RuSi 0 0.0 2.3486359119415283
RuSi 0 0.0 2.3486359119415283
RuSi 0 0.0 2.3486359119415283
RuSi 0 0.0 2.3486359119415283
RuSi 0 0.0 2.3486359119415283
RuSi 0 0.0 2.3486359119415283
RuSi 0 0.0 2.3486359119415283
RuSi 0 0.0 2.3486359119415283
RuSi 0 0.0 2.3486359119415283
RuSi 0 0.0 2.3486359119415283
RuSi 0 0.0 2.3486359119415283
RuSi 0 0.0 2.3486359119415283
RuSi 0 0.0 2.3486359119415283
RuSi 0 0.0 2.3486359119415283
RuSi 0 0.0 2.3486359119415283
RuSi 0 0.0 2.3486359119415283
RuSi 0 0.0 2.3486359119415283
RuSi 0 0.0 2.3486359119415283
RuSi 0 0.0 2.3486359119415283
RuSi 0 0.0 2.633460760116577
RuSi 0 0.0 2.633460760116577
RuSi 0 0.0 inf
RuSi 1 3.9937527179718018 4.593961238861084
RuSi 1 3.8125200271606445 3.8386638164520264
RuSi 1 3.8125200271606445 3.8386638164520264
RuSi 1 3.8125200271606445 4.459793567657471
RuSi 1 3.8125200271606445 4.459793567657471
RuSi 1 3.8125200271606445 4.459793567657471
RuSi 1 3.8125200271606445 3.8386638164520264
RuSi 1 3.8125200271606445 4.459793567657471
RuSi 1 3.8125200271606445 3.8386638164520264
RuSi 1 3.8125200271606445 3.9937527179718018
RuSi 1 3.8125200271606445 3.9937527179718018
RuSi 1 3.8125200271606445 4.593961238861084
RuSi 1 3.7694246768951416 3.8386638164520264
RuSi 1 3.7694246768951416 3.8386638164520264
RuSi 1 3.7694246768951416 3.8386638164520264
RuSi 1 3.7694246768951416 3.8386638164520264
RuSi 1 3.7694246768951416 3.8386638164520264
RuSi 1 3.7694246768951416 3.8386638164520264
RuSi 1 3.241138219833374 4.404102325439453
RuSi 1 3.241138219833374 4.404102325439453
RuSi 1 3.241138219833374 4.404102325439453
RuSi 1 3.236227512359619 4.459793567657471
RuSi 1 2.633460760116577 3.8386638164520264
RuSi 1 2.633460760116577 3.8386638164520264
RuSi 1 2.633460760116577 3.103823661804199
RuSi 1 2.633460760116577 3.103823661804199
RuSi 1 2.633460760116577 2.945707082748413
RuSi 1 2.633460760116577 2.945707082748413
RuSi 1 2.633460760116577 2.945707082748413
RuSi 1 2.633460760116577 2.9063351154327393
RuSi 1 2.633460760116577 2.945707082748413
RuSi 1 2.633460760116577 2.945707082748413
RuSi 1 2.633460760116577 2.9063351154327393
RuSi 1 2.633460760116577 3.103823661804199
RuSi 1 2.633460760116577 2.9063351154327393
RuSi 1 2.633460760116577 2.9063351154327393
RuSi 1 2.633460760116577 2.945707082748413
RuSi 1 2.633460760116577 2.9063351154327393
RuSi 1 2.633460760116577 2.9063351154327393
RuSi 1 2.633460760116577 2.9063351154327393
RuSi 1 2.633460760116577 2.9063351154327393
RuSi 1 2.633460760116577 2.9063351154327393
RuSi 1 2.633460760116577 3.103823661804199
RuSi 1 2.633460760116577 2.9063351154327393
RuSi 1 2.633460760116577 2.945707082748413
RuSi 1 2.633460760116577 2.9063351154327393
RuSi 1 2.633460760116577 2.9063351154327393
RuSi 1 2.633460760116577 2.9063351154327393
RuSi 1 2.633460760116577 2.9063351154327393
RuSi 1 2.633460760116577 2.945707082748413
RuSi 1 2.3486359119415283 3.8386638164520264
RuSi 1 2.3486359119415283 4.113063335418701
RuSi 1 2.3486359119415283 3.8386638164520264
RuSi 1 2.3486359119415283 3.8386638164520264
RuSi 1 2.3486359119415283 2.945707082748413
RuSi 1 2.3486359119415283 2.945707082748413
RuSi 1 2.3486359119415283 2.945707082748413
RuSi 1 2.3486359119415283 2.945707082748413
RuSi 1 2.3486359119415283 3.8386638164520264
RuSi 1 2.3486359119415283 2.945707082748413
RuSi 1 2.3486359119415283 3.8386638164520264
RuSi 1 2.3486359119415283 4.459793567657471
RuSi 1 2.3486359119415283 3.8386638164520264
RuSi 1 2.3486359119415283 3.8386638164520264
RuSi 2 4.743981838226318 5.124343395233154
RuSi 2 4.743981838226318 5.124343395233154
RuSi 2 4.743981838226318 4.812897682189941
RuSi 2 4.593961238861084 5.124343395233154
RuSi 2 4.593961238861084 5.124343395233154
RuSi 2 4.459793567657471 4.779141902923584
RuRu 0 0.0 2.1778886318206787
RuRu 0 0.0 2.1778886318206787
RuRu 0 0.0 2.1778886318206787
RuRu 0 0.0 2.1778886318206787
RuRu 0 0.0 2.1778886318206787
RuRu 0 0.0 2.1778886318206787
RuRu 0 0.0 2.1778886318206787
RuRu 0 0.0 2.1778886318206787
RuRu 0 0.0 2.1778886318206787
RuRu 0 0.0 2.1778886318206787
RuRu 0 0.0 2.1778886318206787
RuRu 0 0.0 2.1778886318206787
RuRu 0 0.0 2.1778886318206787
RuRu 0 0.0 2.1778886318206787
RuRu 0 0.0 2.1778886318206787
RuRu 0 0.0 2.1778886318206787
RuRu 0 0.0 2.1778886318206787
RuRu 0 0.0 2.1778886318206787
RuRu 0 0.0 2.1778886318206787
RuRu 0 0.0 2.1778886318206787
RuRu 0 0.0 2.1778886318206787
RuRu 0 0.0 2.1778886318206787
RuRu 0 0.0 2.1778886318206787
RuRu 0 0.0 2.1778886318206787
RuRu 0 0.0 2.1778886318206787
RuRu 0 0.0 2.1778886318206787
RuRu 0 0.0 2.1778886318206787
RuRu 0 0.0 2.9701948165893555
RuRu 0 0.0 2.9701948165893555
RuRu 0 0.0 2.9701948165893555
RuRu 0 0.0 2.9701948165893555
RuRu 0 0.0 2.9701948165893555
RuRu 0 0.0 2.9701948165893555
RuRu 0 0.0 2.9701948165893555
RuRu 0 0.0 2.9701948165893555
RuRu 0 0.0 2.9701948165893555
RuRu 0 0.0 2.9701948165893555
RuRu 0 0.0 2.9701948165893555
RuRu 0 0.0 2.9701948165893555
RuRu 0 0.0 2.9701948165893555
RuRu 0 0.0 2.9701948165893555
RuRu 0 0.0 2.9701948165893555
RuRu 0 0.0 3.103823661804199
RuRu 0 0.0 3.103823661804199
RuRu 0 0.0 3.103823661804199
RuRu 0 0.0 3.103823661804199
RuRu 0 0.0 3.103823661804199
RuRu 0 0.0 3.103823661804199
RuRu 0 0.0 3.241138219833374
RuRu 0 0.0 3.241138219833374
RuRu 0 0.0 3.241138219833374
RuRu 0 0.0 3.241138219833374
RuRu 0 0.0 3.241138219833374
RuRu 0 0.0 3.241138219833374
RuRu 0 0.0 3.241138219833374
RuRu 0 0.0 3.241138219833374
RuRu 0 0.0 3.8188788890838623
RuRu 0 0.0 inf
RuRu 1 4.743981838226318 5.1416826248168945
RuRu 1 4.546990394592285 5.1416826248168945
RuRu 1 4.546990394592285 4.779141902923584
RuRu 1 4.132604598999023 4.779141902923584
RuRu 1 4.132604598999023 4.779141902923584
RuRu 1 4.132604598999023 4.779141902923584
RuRu 1 3.9237101078033447 4.132604598999023
RuRu 1 3.9237101078033447 4.132604598999023
RuRu 1 3.9237101078033447 4.132604598999023
RuRu 1 3.9237101078033447 4.743981838226318
RuRu 1 3.8188788890838623 4.779141902923584
RuRu 1 3.8188788890838623 4.743981838226318
RuRu 1 3.8188788890838623 4.132604598999023
RuRu 1 3.241138219833374 4.779141902923584
RuRu 1 3.241138219833374 4.779141902923584
RuRu 1 3.241138219833374 4.779141902923584
RuRu 1 3.241138219833374 4.779141902923584
RuRu 1 3.241138219833374 4.132604598999023
RuRu 1 3.241138219833374 4.132604598999023
RuRu 1 3.103823661804199 4.132604598999023
RuRu 1 3.103823661804199 4.132604598999023
RuRu 1 3.103823661804199 4.132604598999023
RuRu 2 5.745462894439697 6.226726531982422
RuRu 2 5.745462894439697 6.226726531982422
RuRu 2 5.1416826248168945 6.226726531982422
RuRu 2 5.1416826248168945 6.226726531982422
RuSi 0 0.0 1.2620329856872559
RuSi 0 0.0 1.2620329856872559
RuSi 0 0.0 1.2620329856872559
RuSi 0 0.0 1.2620329856872559
RuSi 0 0.0 1.2620329856872559
RuSi 0 0.0 1.2620329856872559
RuSi 0 0.0 1.2620329856872559
RuSi 0 0.0 1.2620329856872559
RuSi 0 0.0 1.2620329856872559
RuSi 0 0.0 1.2620329856872559
RuSi 0 0.0 1.2620329856872559
RuSi 0 0.0 1.2620329856872559
RuSi 0 0.0 1.2620329856872559
RuSi 0 0.0 1.2620329856872559
RuSi 0 0.0 1.2620329856872559
RuSi 0 0.0 1.2620329856872559
RuSi 0 0.0 1.2620329856872559
RuSi 0 0.0 1.2620329856872559
RuSi 0 0.0 1.2620329856872559
RuSi 0 0.0 1.2620329856872559
RuSi 0 0.0 1.2620329856872559
RuSi 0 0.0 1.2620329856872559
RuSi 0 0.0 1.2620329856872559
RuSi 0 0.0 1.2620329856872559
RuSi 0 0.0 1.2620329856872559
RuSi 0 0.0 1.2620329856872559
RuSi 0 0.0 1.2620329856872559
RuSi 0 0.0 1.2620329856872559
RuSi 0 0.0 1.2620329856872559
RuSi 0 0.0 1.2620329856872559
RuSi 0 0.0 1.2620329856872559
RuSi 0 0.0 1.2620329856872559
RuSi 0 0.0 1.2620329856872559
RuSi 0 0.0 1.2620329856872559
RuSi 0 0.0 1.2620329856872559
RuSi 0 0.0 1.2620329856872559
RuSi 0 0.0 1.2620329856872559
RuSi 0 0.0 1.2620329856872559
RuSi 0 0.0 1.2620329856872559
RuSi 0 0.0 1.2620329856872559
RuSi 0 0.0 1.2620329856872559
RuSi 0 0.0 1.2620329856872559
RuSi 0 0.0 1.2620329856872559
RuSi 0 0.0 1.2620329856872559
RuSi 0 0.0 1.2620329856872559
RuSi 0 0.0 1.2620329856872559
RuSi 0 0.0 1.2620329856872559
RuSi 0 0.0 1.2620329856872559
RuSi 0 0.0 1.2620329856872559
RuSi 0 0.0 1.2620329856872559
RuSi 0 0.0 1.2620329856872559
RuSi 0 0.0 1.2620329856872559
RuSi 0 0.0 1.2620329856872559
RuSi 0 0.0 1.2620329856872559
RuSi 0 0.0 1.2620329856872559
RuSi 0 0.0 1.2620329856872559
RuSi 0 0.0 1.2620329856872559
RuSi 0 0.0 1.2620329856872559
RuSi 0 0.0 1.2620329856872559
RuSi 0 0.0 1.2620329856872559
RuSi 0 0.0 1.2620329856872559
RuSi 0 0.0 1.2620329856872559
RuSi 0 0.0 1.2620329856872559
RuSi 0 0.0 1.2620329856872559
RuSi 0 0.0 1.2620329856872559
RuSi 0 0.0 1.2620329856872559
RuSi 0 0.0 1.2620329856872559
RuSi 0 0.0 1.2620329856872559
RuSi 0 0.0 1.2620329856872559
RuSi 0 0.0 1.2620329856872559
RuSi 0 0.0 1.2620329856872559
RuSi 0 0.0 1.2620329856872559
RuSi 0 0.0 1.2620329856872559
RuSi 0 0.0 1.2620329856872559
RuSi 0 0.0 1.2620329856872559
RuSi 0 0.0 1.2620329856872559
RuSi 0 0.0 1.2620329856872559
RuSi 0 0.0 1.2620329856872559
RuSi 0 0.0 1.2620329856872559
RuSi 0 0.0 2.1630799770355225
RuSi 0 0.0 2.1778886318206787
RuSi 0 0.0 2.1778886318206787
RuSi 0 0.0 2.1778886318206787
RuSi 0 0.0 2.1778886318206787
RuSi 0 0.0 2.1778886318206787
RuSi 0 0.0 2.3486359119415283
RuSi 0 0.0 2.3486359119415283
RuSi 0 0.0 2.3486359119415283
RuSi 0 0.0 2.3486359119415283
RuSi 0 0.0 2.3486359119415283
RuSi 0 0.0 2.3486359119415283
RuSi 0 0.0 2.3486359119415283
RuSi 0 0.0 2.3486359119415283
RuSi 0 0.0 2.3486359119415283
RuSi 0 0.0 2.3486359119415283
RuSi 0 0.0 2.3486359119415283
RuSi 0 0.0 2.3486359119415283
RuSi 0 0.0 2.3486359119415283
RuSi 0 0.0 2.3486359119415283
RuSi 0 0.0 2.3486359119415283
RuSi 0 0.0 2.3486359119415283
RuSi 0 0.0 2.3486359119415283
RuSi 0 0.0 2.3486359119415283
RuSi 0 0.0 2.3486359119415283
RuSi 0 0.0 2.3486359119415283
RuSi 0 0.0 2.3486359119415283
RuSi 0 0.0 2.3486359119415283
RuSi 0 0.0 2.3486359119415283
RuSi 0 0.0 2.3486359119415283
RuSi 0 0.0 2.3486359119415283
RuSi 0 0.0 2.3486359119415283
RuSi 0 0.0 2.3486359119415283
RuSi 0 0.0 2.3486359119415283
RuSi 0 0.0 2.3486359119415283
RuSi 0 0.0 2.3486359119415283
RuSi 0 0.0 2.3486359119415283
RuSi 0 0.0 2.3486359119415283
RuSi 0 0.0 2.3486359119415283
RuSi 0 0.0 2.3486359119415283
RuSi 0 0.0 2.3486359119415283
RuSi 0 0.0 2.3486359119415283
RuSi 0 0.0 2.633460760116577
RuSi 0 0.0 2.633460760116577
RuSi 0 0.0 inf
RuSi 1 3.9937527179718018 4.593961238861084
RuSi 1 3.8125200271606445 4.459793567657471
RuSi 1 3.8125200271606445 4.459793567657471
RuSi 1 3.8125200271606445 4.459793567657471
RuSi 1 3.8125200271606445 3.8386638164520264
RuSi 1 3.8125200271606445 3.8386638164520264
RuSi 1 3.8125200271606445 4.459793567657471
RuSi 1 3.8125200271606445 3.8386638164520264
RuSi 1 3.8125200271606445 3.8386638164520264
RuSi 1 3.8125200271606445 3.9937527179718018
RuSi 1 3.8125200271606445 3.9937527179718018
RuSi 1 3.8125200271606445 4.593961238861084
RuSi 1 3.7694246768951416 3.8386638164520264
RuSi 1 3.7694246768951416 3.8386638164520264
RuSi 1 3.7694246768951416 3.8386638164520264
RuSi 1 3.7694246768951416 3.8386638164520264
RuSi 1 3.7694246768951416 3.8386638164520264
RuSi 1 3.7694246768951416 3.8386638164520264
RuSi 1 3.241138219833374 4.404102325439453
RuSi 1 3.241138219833374 4.404102325439453
RuSi 1 3.241138219833374 4.404102325439453
RuSi 1 3.236227512359619 4.459793567657471
RuSi 1 2.633460760116577 3.8386638164520264
RuSi 1 2.633460760116577 3.8386638164520264
RuSi 1 2.633460760116577 3.103823661804199
RuSi 1 2.633460760116577 3.103823661804199
RuSi 1 2.633460760116577 2.9063351154327393
RuSi 1 2.633460760116577 2.945707082748413
RuSi 1 2.633460760116577 2.945707082748413
RuSi 1 2.633460760116577 2.9063351154327393
RuSi 1 2.633460760116577 3.103823661804199
RuSi 1 2.633460760116577 2.9063351154327393
RuSi 1 2.633460760116577 2.945707082748413
RuSi 1 2.633460760116577 2.945707082748413
RuSi 1 2.633460760116577 2.9063351154327393
RuSi 1 2.633460760116577 2.945707082748413
RuSi 1 2.633460760116577 2.9063351154327393
RuSi 1 2.633460760116577 2.9063351154327393
RuSi 1 2.633460760116577 2.9063351154327393
RuSi 1 2.633460760116577 2.9063351154327393
RuSi 1 2.633460760116577 3.103823661804199
RuSi 1 2.633460760116577 2.9063351154327393
RuSi 1 2.633460760116577 2.945707082748413
RuSi 1 2.633460760116577 2.9063351154327393
RuSi 1 2.633460760116577 2.9063351154327393
RuSi 1 2.633460760116577 2.945707082748413
RuSi 1 2.633460760116577 2.9063351154327393
RuSi 1 2.633460760116577 2.945707082748413
RuSi 1 2.633460760116577 2.9063351154327393
RuSi 1 2.633460760116577 2.9063351154327393
RuSi 1 2.3486359119415283 3.8386638164520264
RuSi 1 2.3486359119415283 3.8386638164520264
RuSi 1 2.3486359119415283 2.945707082748413
RuSi 1 2.3486359119415283 4.459793567657471
RuSi 1 2.3486359119415283 3.8386638164520264
RuSi 1 2.3486359119415283 2.945707082748413
RuSi 1 2.3486359119415283 3.8386638164520264
RuSi 1 2.3486359119415283 3.8386638164520264
RuSi 1 2.3486359119415283 2.945707082748413
RuSi 1 2.3486359119415283 2.945707082748413
RuSi 1 2.3486359119415283 4.113063335418701
RuSi 1 2.3486359119415283 3.8386638164520264
RuSi 1 2.3486359119415283 2.945707082748413
RuSi 1 2.3486359119415283 3.8386638164520264
RuSi 2 4.743981838226318 5.124343395233154
RuSi 2 4.743981838226318 5.124343395233154
RuSi 2 4.743981838226318 4.812897682189941
RuSi 2 4.593961238861084 5.124343395233154
RuSi 2 4.593961238861084 5.124343395233154
RuSi 2 4.459793567657471 4.779141902923584
RuRu 0 0.0 2.1778886318206787
RuRu 0 0.0 2.1778886318206787
RuRu 0 0.0 2.1778886318206787
RuRu 0 0.0 2.1778886318206787
RuRu 0 0.0 2.1778886318206787
RuRu 0 0.0 2.1778886318206787
RuRu 0 0.0 2.1778886318206787
RuRu 0 0.0 2.1778886318206787
RuRu 0 0.0 2.1778886318206787
RuRu 0 0.0 2.1778886318206787
RuRu 0 0.0 2.1778886318206787
RuRu 0 0.0 2.1778886318206787
RuRu 0 0.0 2.1778886318206787
RuRu 0 0.0 2.1778886318206787
RuRu 0 0.0 2.1778886318206787
RuRu 0 0.0 2.1778886318206787
RuRu 0 0.0 2.1778886318206787
RuRu 0 0.0 2.1778886318206787
RuRu 0 0.0 2.1778886318206787
RuRu 0 0.0 2.1778886318206787
RuRu 0 0.0 2.1778886318206787
RuRu 0 0.0 2.1778886318206787
RuRu 0 0.0 2.1778886318206787
RuRu 0 0.0 2.1778886318206787
RuRu 0 0.0 2.1778886318206787
RuRu 0 0.0 2.1778886318206787
RuRu 0 0.0 2.1778886318206787
RuRu 0 0.0 2.9701948165893555
RuRu 0 0.0 2.9701948165893555
RuRu 0 0.0 2.9701948165893555
RuRu 0 0.0 2.9701948165893555
RuRu 0 0.0 2.9701948165893555
RuRu 0 0.0 2.9701948165893555
RuRu 0 0.0 2.9701948165893555
RuRu 0 0.0 2.9701948165893555
RuRu 0 0.0 2.9701948165893555
RuRu 0 0.0 2.9701948165893555
RuRu 0 0.0 2.9701948165893555
RuRu 0 0.0 2.9701948165893555
RuRu 0 0.0 2.9701948165893555
RuRu 0 0.0 2.9701948165893555
RuRu 0 0.0 2.9701948165893555
RuRu 0 0.0 3.103823661804199
RuRu 0 0.0 3.103823661804199
RuRu 0 0.0 3.103823661804199
RuRu 0 0.0 3.103823661804199
RuRu 0 0.0 3.103823661804199
RuRu 0 0.0 3.103823661804199
RuRu 0 0.0 3.241138219833374
RuRu 0 0.0 3.241138219833374
RuRu 0 0.0 3.241138219833374
RuRu 0 0.0 3.241138219833374
RuRu 0 0.0 3.241138219833374
RuRu 0 0.0 3.241138219833374
RuRu 0 0.0 3.241138219833374
RuRu 0 0.0 3.241138219833374
RuRu 0 0.0 3.8188788890838623
RuRu 0 0.0 inf
RuRu 1 4.743981838226318 5.1416826248168945
RuRu 1 4.546990394592285 4.779141902923584
RuRu 1 4.546990394592285 5.1416826248168945
RuRu 1 4.132604598999023 4.779141902923584
RuRu 1 4.132604598999023 4.779141902923584
RuRu 1 4.132604598999023 4.779141902923584
RuRu 1 3.9237101078033447 4.132604598999023
RuRu 1 3.9237101078033447 4.132604598999023
RuRu 1 3.9237101078033447 4.132604598999023
RuRu 1 3.9237101078033447 4.743981838226318
RuRu 1 3.8188788890838623 4.743981838226318
RuRu 1 3.8188788890838623 4.779141902923584
RuRu 1 3.8188788890838623 4.132604598999023
RuRu 1 3.241138219833374 4.779141902923584
RuRu 1 3.241138219833374 4.779141902923584
RuRu 1 3.241138219833374 4.779141902923584
RuRu 1 3.241138219833374 4.132604598999023
RuRu 1 3.241138219833374 4.779141902923584
RuRu 1 3.241138219833374 4.132604598999023
RuRu 1 3.103823661804199 4.132604598999023
RuRu 1 3.103823661804199 4.132604598999023
RuRu 1 3.103823661804199 4.132604598999023
RuRu 2 5.745462894439697 6.226726531982422
RuRu 2 5.745462894439697 6.226726531982422
RuRu 2 5.1416826248168945 6.226726531982422
RuRu 2 5.1416826248168945 6.226726531982422
RuSi 0 0.0 1.2620329856872559
RuSi 0 0.0 1.2620329856872559
RuSi 0 0.0 1.2620329856872559
RuSi 0 0.0 2.3486359119415283
RuSi 0 0.0 2.3486359119415283
RuSi 0 0.0 2.3486359119415283
RuSi 0 0.0 2.3486359119415283
RuSi 0 0.0 2.3486359119415283
RuSi 0 0.0 2.3486359119415283
RuSi 0 0.0 2.3486359119415283
RuSi 0 0.0 2.3486359119415283
RuSi 0 0.0 2.3486359119415283
RuSi 0 0.0 2.3486359119415283
RuSi 0 0.0 2.3486359119415283
RuSi 0 0.0 2.3486359119415283
RuSi 0 0.0 2.3486359119415283
RuSi 0 0.0 2.3486359119415283
RuSi 0 0.0 2.3486359119415283
RuSi 0 0.0 2.633460760116577
RuSi 0 0.0 2.633460760116577
RuSi 0 0.0 2.633460760116577
RuSi 0 0.0 2.633460760116577
RuSi 0 0.0 2.633460760116577
RuSi 0 0.0 2.633460760116577
RuSi 0 0.0 2.633460760116577
RuSi 0 0.0 2.633460760116577
RuSi 0 0.0 2.633460760116577
RuSi 0 0.0 2.633460760116577
RuSi 0 0.0 2.633460760116577
RuSi 0 0.0 2.633460760116577
RuSi 0 0.0 2.633460760116577
RuSi 0 0.0 2.633460760116577
RuSi 0 0.0 2.633460760116577
RuSi 0 0.0 2.633460760116577
RuSi 0 0.0 2.633460760116577
RuSi 0 0.0 2.633460760116577
RuSi 0 0.0 2.633460760116577
RuSi 0 0.0 2.633460760116577
RuSi 0 0.0 2.633460760116577
RuSi 0 0.0 2.633460760116577
RuSi 0 0.0 2.633460760116577
RuSi 0 0.0 2.633460760116577
RuSi 0 0.0 2.633460760116577
RuSi 0 0.0 2.633460760116577
RuSi 0 0.0 2.633460760116577
RuSi 0 0.0 4.56515645980835
RuSi 0 0.0 4.56515645980835
RuSi 0 0.0 4.56515645980835
RuSi 0 0.0 4.56515645980835
RuSi 0 0.0 4.56515645980835
RuSi 0 0.0 4.56515645980835
RuSi 0 0.0 inf
RuSi 1 4.743981838226318 5.369647979736328
RuSi 1 4.743981838226318 4.812897682189941
RuSi 1 4.743981838226318 5.350590229034424
RuSi 1 4.743981838226318 5.369647979736328
RuSi 1 4.743981838226318 4.812897682189941
RuSi 1 4.743981838226318 5.350590229034424
RuSi 1 4.743981838226318 5.369647979736328
RuSi 1 4.743981838226318 4.812897682189941
RuSi 1 4.743981838226318 5.350590229034424
RuSi 1 4.743981838226318 6.53748083114624
RuSi 1 4.743981838226318 6.53748083114624
RuSi 1 4.743981838226318 6.53748083114624
RuSi 1 4.718016147613525 4.743981838226318
RuSi 1 4.718016147613525 4.743981838226318
RuSi 1 4.718016147613525 4.743981838226318
RuSi 1 4.718016147613525 4.743981838226318
RuSi 1 4.718016147613525 4.743981838226318
RuSi 1 4.718016147613525 4.743981838226318
RuSi 1 4.718016147613525 4.743981838226318
RuSi 1 4.718016147613525 4.743981838226318
RuSi 1 4.718016147613525 4.743981838226318
RuSi 1 4.56515645980835 5.019001007080078
RuSi 1 4.56515645980835 5.019001007080078
RuSi 1 4.56515645980835 5.019001007080078
RuSi 1 3.7694246768951416 4.743981838226318
RuSi 1 3.7694246768951416 4.743981838226318
RuSi 1 3.7694246768951416 4.743981838226318
RuSi 1 3.7694246768951416 4.743981838226318
RuSi 1 3.7694246768951416 4.743981838226318
RuSi 1 3.095306396484375 3.103823661804199
RuSi 1 3.095306396484375 3.103823661804199
RuSi 1 3.095306396484375 3.103823661804199
RuSi 1 2.633460760116577 3.103823661804199
RuSi 1 2.633460760116577 3.103823661804199
RuSi 1 2.633460760116577 3.103823661804199
RuSi 1 2.633460760116577 4.743981838226318
RuSi 1 2.633460760116577 4.743981838226318
RuSi 1 2.633460760116577 4.743981838226318
RuSi 2 5.369647979736328 5.563465595245361
RuSi 2 5.369647979736328 5.563465595245361
RuSi 2 5.369647979736328 5.563465595245361
RuSi 2 4.812897682189941 5.019001007080078
RuSi 2 4.743981838226318 5.378267765045166
RuRu 0 0.0 3.103823661804199
RuRu 0 0.0 3.103823661804199
RuRu 0 0.0 3.103823661804199
RuRu 0 0.0 3.9237101078033447
RuRu 0 0.0 3.9237101078033447
RuRu 0 0.0 3.9237101078033447
RuRu 0 0.0 4.743981838226318
RuRu 0 0.0 4.743981838226318
RuRu 0 0.0 4.743981838226318
RuRu 0 0.0 4.743981838226318
RuRu 0 0.0 4.743981838226318
RuRu 0 0.0 4.743981838226318
RuRu 0 0.0 4.743981838226318
RuRu 0 0.0 4.743981838226318
RuRu 0 0.0 4.743981838226318
RuRu 0 0.0 4.743981838226318
RuRu 0 0.0 4.743981838226318
RuRu 0 0.0 4.743981838226318
RuRu 0 0.0 4.743981838226318
RuRu 0 0.0 4.743981838226318
RuRu 0 0.0 4.743981838226318
RuRu 0 0.0 inf
RuRu 1 4.743981838226318 6.709003448486328
RuRu 1 4.743981838226318 6.709003448486328
RuRu 1 4.743981838226318 6.709003448486328
RuRu 1 4.743981838226318 6.709003448486328
RuRu 1 4.743981838226318 6.709003448486328
RuRu 1 4.743981838226318 6.709003448486328
RuRu 1 4.743981838226318 6.709003448486328
RuRu 1 4.743981838226318 6.709003448486328
RuRu 1 4.743981838226318 6.709003448486328
RuRu 1 4.743981838226318 6.709003448486328
RuRu 1 4.743981838226318 6.709003448486328
RuRu 1 4.743981838226318 6.709003448486328
