ReRe 0 0.0 3.7963240146636963
ReRe 0 0.0 3.7963240146636963
ReRe 0 0.0 3.7963240146636963
ReRe 0 0.0 3.7963240146636963
ReRe 0 0.0 3.7963240146636963
ReRe 0 0.0 3.7963240146636963
ReRe 0 0.0 3.7963240146636963
ReRe 0 0.0 3.7963240146636963
ReRe 0 0.0 3.7963240146636963
ReRe 0 0.0 3.7963240146636963
ReRe 0 0.0 3.7963240146636963
ReRe 0 0.0 3.7963240146636963
ReRe 0 0.0 3.7963240146636963
ReRe 0 0.0 3.7963240146636963
ReRe 0 0.0 3.7963240146636963
ReRe 0 0.0 3.7963240146636963
ReRe 0 0.0 3.7963240146636963
ReRe 0 0.0 3.7963240146636963
ReRe 0 0.0 3.7963240146636963
ReRe 0 0.0 3.7963240146636963
ReRe 0 0.0 3.7963240146636963
ReRe 0 0.0 3.7963240146636963
ReRe 0 0.0 3.7963240146636963
ReRe 0 0.0 3.7963240146636963
ReRe 0 0.0 3.7963240146636963
ReRe 0 0.0 3.7963240146636963
ReRe 0 0.0 3.7963240146636963
ReRe 0 0.0 3.7963240146636963
ReRe 0 0.0 3.7963240146636963
ReRe 0 0.0 3.7963240146636963
ReRe 0 0.0 3.7963240146636963
ReRe 0 0.0 3.7963240146636963
ReRe 0 0.0 inf
ReRe 1 3.7963240146636963 5.3688130378723145
ReRe 1 3.7963240146636963 5.3688130378723145
ReRe 1 3.7963240146636963 5.3688130378723145
ReRe 1 3.7963240146636963 5.3688130378723145
ReRe 1 3.7963240146636963 5.3688130378723145
ReRe 1 3.7963240146636963 5.3688130378723145
ReRe 1 3.7963240146636963 5.3688130378723145
ReRe 1 3.7963240146636963 5.3688130378723145
ReRe 1 3.7963240146636963 5.3688130378723145
ReRe 1 3.7963240146636963 5.3688130378723145
ReRe 1 3.7963240146636963 5.3688130378723145
ReRe 1 3.7963240146636963 5.3688130378723145
ReRe 1 3.7963240146636963 5.3688130378723145
ReRe 1 3.7963240146636963 5.3688130378723145
ReRe 1 3.7963240146636963 5.3688130378723145
ReRe 1 3.7963240146636963 5.3688130378723145
ReRe 1 3.7963240146636963 5.3688130378723145
ReRe 1 3.7963240146636963 5.3688130378723145
ReRe 1 3.7963240146636963 5.3688130378723145
ReRe 1 3.7963240146636963 5.3688130378723145
ReRe 1 3.7963240146636963 5.3688130378723145
ReRe 1 3.7963240146636963 5.3688130378723145
ReRe 1 3.7963240146636963 5.3688130378723145
ReRe 1 3.7963240146636963 5.3688130378723145
ReRe 1 3.7963240146636963 5.3688130378723145
ReRe 1 3.7963240146636963 5.3688130378723145
ReRe 1 3.7963240146636963 5.3688130378723145
ReRe 1 3.7963240146636963 5.3688130378723145
ReO 0 0.0 0.3866100311279297
ReO 0 0.0 0.3866100311279297
ReO 0 0.0 0.3866100311279297
ReO 0 0.0 0.3866100311279297
ReO 0 0.0 0.3866100311279297
ReO 0 0.0 0.3866100311279297
ReO 0 0.0 0.3866100311279297
ReO 0 0.0 0.3866100311279297
ReO 0 0.0 0.3866100311279297
ReO 0 0.0 0.3866100311279297
ReO 0 0.0 0.3866100311279297
ReO 0 0.0 0.3866100311279297
ReO 0 0.0 0.3866100311279297
ReO 0 0.0 0.3866100311279297
ReO 0 0.0 0.3866100311279297
ReO 0 0.0 0.3866100311279297
ReO 0 0.0 0.3866100311279297
ReO 0 0.0 0.3866100311279297
ReO 0 0.0 0.3866100311279297
ReO 0 0.0 0.3866100311279297
ReO 0 0.0 0.3866100311279297
ReO 0 0.0 0.3866100311279297
ReO 0 0.0 0.3866100311279297
ReO 0 0.0 0.3866100311279297
ReO 0 0.0 0.3866100311279297
ReO 0 0.0 0.3866100311279297
ReO 0 0.0 0.3866100311279297
ReO 0 0.0 0.3866100311279297
ReO 0 0.0 0.3866100311279297
ReO 0 0.0 0.3866100311279297
ReO 0 0.0 0.3866100311279297
ReO 0 0.0 0.3866100311279297
ReO 0 0.0 0.3866100311279297
ReO 0 0.0 0.3866100311279297
ReO 0 0.0 0.3866100311279297
ReO 0 0.0 0.3866100311279297
ReO 0 0.0 0.3866100311279297
ReO 0 0.0 0.3866100311279297
ReO 0 0.0 0.3866100311279297
ReO 0 0.0 0.3866100311279297
ReO 0 0.0 0.3866100311279297
ReO 0 0.0 0.3866100311279297
ReO 0 0.0 0.3866100311279297
ReO 0 0.0 0.3866100311279297
ReO 0 0.0 0.3866100311279297
ReO 0 0.0 0.3866100311279297
ReO 0 0.0 0.3866100311279297
ReO 0 0.0 0.3866100311279297
ReO 0 0.0 0.3866100311279297
ReO 0 0.0 0.3866100311279297
ReO 0 0.0 0.3866100311279297
ReO 0 0.0 0.3866100311279297
ReO 0 0.0 0.3866100311279297
ReO 0 0.0 0.3866100311279297
ReO 0 0.0 0.3866100311279297
ReO 0 0.0 0.3866100311279297
ReO 0 0.0 0.3866100311279297
ReO 0 0.0 0.3866100311279297
ReO 0 0.0 0.3866100311279297
ReO 0 0.0 0.3866100311279297
ReO 0 0.0 0.3866100311279297
ReO 0 0.0 0.3866100311279297
ReO 0 0.0 0.3866100311279297
ReO 0 0.0 0.3866100311279297
ReO 0 0.0 0.3866100311279297
ReO 0 0.0 0.3866100311279297
ReO 0 0.0 0.3866100311279297
ReO 0 0.0 0.3866100311279297
ReO 0 0.0 0.3866100311279297
ReO 0 0.0 0.3866100311279297
ReO 0 0.0 0.3866100311279297
ReO 0 0.0 0.3866100311279297
ReO 0 0.0 0.3866100311279297
ReO 0 0.0 0.3866100311279297
ReO 0 0.0 0.3866100311279297
ReO 0 0.0 0.3866100311279297
ReO 0 0.0 0.3866100311279297
ReO 0 0.0 0.3866100311279297
ReO 0 0.0 0.3866100311279297
ReO 0 0.0 0.3866100311279297
ReO 0 0.0 0.3866100311279297
ReO 0 0.0 0.3866100311279297
ReO 0 0.0 0.3866100311279297
ReO 0 0.0 0.3866100311279297
ReO 0 0.0 0.3866100311279297
ReO 0 0.0 0.3866100311279297
ReO 0 0.0 0.3866100311279297
ReO 0 0.0 0.3866100311279297
ReO 0 0.0 0.3866100311279297
ReO 0 0.0 0.3866100311279297
ReO 0 0.0 0.3866100311279297
ReO 0 0.0 0.3866100311279297
ReO 0 0.0 0.3866100311279297
ReO 0 0.0 0.3866100311279297
ReO 0 0.0 0.3866100311279297
ReO 0 0.0 0.3866100311279297
ReO 0 0.0 3.4097139835357666
ReO 0 0.0 3.4097139835357666
ReO 0 0.0 3.4097139835357666
ReO 0 0.0 3.4097139835357666
ReO 0 0.0 3.4097139835357666
ReO 0 0.0 3.4097139835357666
ReO 0 0.0 3.4097139835357666
ReO 0 0.0 3.4097139835357666
ReO 0 0.0 3.4097139835357666
ReO 0 0.0 3.4097139835357666
ReO 0 0.0 3.4097139835357666
ReO 0 0.0 3.4097139835357666
ReO 0 0.0 3.4097139835357666
ReO 0 0.0 3.4097139835357666
ReO 0 0.0 3.4097139835357666
ReO 0 0.0 3.4097139835357666
ReO 0 0.0 3.4097139835357666
ReO 0 0.0 3.4097139835357666
ReO 0 0.0 3.4097139835357666
ReO 0 0.0 3.4097139835357666
ReO 0 0.0 3.4097139835357666
ReO 0 0.0 3.4097139835357666
ReO 0 0.0 3.4097139835357666
ReO 0 0.0 3.4097139835357666
ReO 0 0.0 3.4097139835357666
ReO 0 0.0 3.4097139835357666
ReO 0 0.0 3.4097139835357666
ReO 0 0.0 3.4097139835357666
ReO 0 0.0 3.4097139835357666
ReO 0 0.0 3.4097139835357666
ReO 0 0.0 3.4097139835357666
ReO 0 0.0 3.4097139835357666
ReO 0 0.0 inf
ReO 1 3.4097139835357666 4.82206392288208
ReO 1 3.4097139835357666 4.82206392288208
ReO 1 3.4097139835357666 4.82206392288208
ReO 1 3.4097139835357666 4.82206392288208
ReO 1 3.4097139835357666 4.82206392288208
ReO 1 3.4097139835357666 4.82206392288208
ReO 1 3.4097139835357666 4.82206392288208
ReO 1 3.4097139835357666 4.82206392288208
ReO 1 3.4097139835357666 4.82206392288208
ReO 1 3.4097139835357666 4.82206392288208
ReO 1 3.4097139835357666 4.82206392288208
ReO 1 3.4097139835357666 4.82206392288208
ReO 1 3.4097139835357666 4.82206392288208
ReO 1 3.4097139835357666 4.82206392288208
ReO 1 3.4097139835357666 4.82206392288208
ReO 1 3.4097139835357666 4.82206392288208
ReO 1 3.4097139835357666 4.82206392288208
ReO 1 3.4097139835357666 4.82206392288208
ReO 1 3.4097139835357666 4.82206392288208
ReO 1 3.4097139835357666 4.82206392288208
ReO 1 3.4097139835357666 4.82206392288208
ReO 1 3.4097139835357666 4.82206392288208
ReO 1 3.4097139835357666 4.82206392288208
ReO 1 3.4097139835357666 4.82206392288208
ReO 1 3.4097139835357666 4.82206392288208
ReO 1 3.4097139835357666 4.82206392288208
ReO 1 3.4097139835357666 4.82206392288208
ReO 1 3.4097139835357666 4.82206392288208
ReO 2 4.82206392288208 5.117391109466553
ReO 2 4.82206392288208 5.117391109466553
ReO 2 4.82206392288208 5.117391109466553
ReO 2 4.82206392288208 5.117391109466553
ReO 2 4.82206392288208 5.117391109466553
ReO 2 4.82206392288208 5.117391109466553
ReO 2 4.82206392288208 5.117391109466553
ReO 2 4.82206392288208 5.117391109466553
ORe 0 0.0 4.76837158203125e-07
ORe 0 0.0 0.3866100311279297
ORe 0 0.0 0.3866100311279297
ORe 0 0.0 0.3866100311279297
ORe 0 0.0 0.3866100311279297
ORe 0 0.0 0.3866100311279297
ORe 0 0.0 0.3866100311279297
ORe 0 0.0 0.3866100311279297
ORe 0 0.0 0.3866100311279297
ORe 0 0.0 0.3866100311279297
ORe 0 0.0 0.3866100311279297
ORe 0 0.0 0.3866100311279297
ORe 0 0.0 0.3866100311279297
ORe 0 0.0 0.3866100311279297
ORe 0 0.0 0.3866100311279297
ORe 0 0.0 0.3866100311279297
ORe 0 0.0 0.3866100311279297
ORe 0 0.0 0.3866100311279297
ORe 0 0.0 0.3866100311279297
ORe 0 0.0 0.3866100311279297
ORe 0 0.0 0.3866100311279297
ORe 0 0.0 0.3866100311279297
ORe 0 0.0 0.3866100311279297
ORe 0 0.0 0.3866100311279297
ORe 0 0.0 0.3866100311279297
ORe 0 0.0 0.3866100311279297
ORe 0 0.0 0.3866100311279297
ORe 0 0.0 0.3866100311279297
ORe 0 0.0 0.3866100311279297
ORe 0 0.0 0.3866100311279297
ORe 0 0.0 0.3866100311279297
ORe 0 0.0 0.3866100311279297
ORe 0 0.0 0.3866100311279297
ORe 0 0.0 0.3866100311279297
ORe 0 0.0 0.3866100311279297
ORe 0 0.0 0.3866100311279297
ORe 0 0.0 0.3866100311279297
ORe 0 0.0 0.3866100311279297
ORe 0 0.0 0.3866100311279297
ORe 0 0.0 0.3866100311279297
ORe 0 0.0 0.3866100311279297
ORe 0 0.0 0.3866100311279297
ORe 0 0.0 0.3866100311279297
ORe 0 0.0 0.3866100311279297
ORe 0 0.0 0.3866100311279297
ORe 0 0.0 0.3866100311279297
ORe 0 0.0 0.3866100311279297
ORe 0 0.0 0.3866100311279297
ORe 0 0.0 0.3866100311279297
ORe 0 0.0 0.3866100311279297
ORe 0 0.0 0.3866100311279297
ORe 0 0.0 0.3866100311279297
ORe 0 0.0 0.3866100311279297
ORe 0 0.0 0.3866100311279297
ORe 0 0.0 0.3866100311279297
ORe 0 0.0 0.3866100311279297
ORe 0 0.0 0.3866100311279297
ORe 0 0.0 0.3866100311279297
ORe 0 0.0 0.3866100311279297
ORe 0 0.0 0.3866100311279297
ORe 0 0.0 0.3866100311279297
ORe 0 0.0 0.3866100311279297
ORe 0 0.0 0.3866100311279297
ORe 0 0.0 0.3866100311279297
ORe 0 0.0 0.3866100311279297
ORe 0 0.0 0.3866100311279297
ORe 0 0.0 0.3866100311279297
ORe 0 0.0 0.3866100311279297
ORe 0 0.0 0.3866100311279297
ORe 0 0.0 0.3866100311279297
ORe 0 0.0 0.3866100311279297
ORe 0 0.0 0.3866100311279297
ORe 0 0.0 0.3866100311279297
ORe 0 0.0 0.3866100311279297
ORe 0 0.0 0.3866100311279297
ORe 0 0.0 0.3866100311279297
ORe 0 0.0 0.3866100311279297
ORe 0 0.0 0.3866100311279297
ORe 0 0.0 0.3866100311279297
ORe 0 0.0 0.3866100311279297
ORe 0 0.0 0.3866100311279297
ORe 0 0.0 0.3866100311279297
ORe 0 0.0 0.3866100311279297
ORe 0 0.0 0.3866100311279297
ORe 0 0.0 0.3866100311279297
ORe 0 0.0 0.3866100311279297
ORe 0 0.0 0.3866100311279297
ORe 0 0.0 0.3866100311279297
ORe 0 0.0 0.3866100311279297
ORe 0 0.0 0.3866100311279297
ORe 0 0.0 0.3866100311279297
ORe 0 0.0 0.3866100311279297
ORe 0 0.0 0.3866100311279297
ORe 0 0.0 0.3866100311279297
ORe 0 0.0 0.3866100311279297
ORe 0 0.0 0.3866100311279297
ORe 0 0.0 0.3866100311279297
ORe 0 0.0 0.3866100311279297
ORe 0 0.0 3.4097139835357666
ORe 0 0.0 3.4097139835357666
ORe 0 0.0 3.4097139835357666
ORe 0 0.0 3.4097139835357666
ORe 0 0.0 3.4097139835357666
ORe 0 0.0 3.4097139835357666
ORe 0 0.0 3.4097139835357666
ORe 0 0.0 3.4097139835357666
ORe 0 0.0 3.4097139835357666
ORe 0 0.0 3.4097139835357666
ORe 0 0.0 3.4097139835357666
ORe 0 0.0 3.4097139835357666
ORe 0 0.0 3.4097139835357666
ORe 0 0.0 3.4097139835357666
ORe 0 0.0 3.4097139835357666
ORe 0 0.0 3.4097139835357666
ORe 0 0.0 3.4097139835357666
ORe 0 0.0 3.4097139835357666
ORe 0 0.0 3.4097139835357666
ORe 0 0.0 3.4097139835357666
ORe 0 0.0 3.4097139835357666
ORe 0 0.0 3.4097139835357666
ORe 0 0.0 3.4097139835357666
ORe 0 0.0 3.4097139835357666
ORe 0 0.0 3.4097139835357666
ORe 0 0.0 3.4097139835357666
ORe 0 0.0 3.4097139835357666
ORe 0 0.0 3.4097139835357666
ORe 0 0.0 3.4097139835357666
ORe 0 0.0 3.4097139835357666
ORe 0 0.0 3.4097139835357666
ORe 0 0.0 3.4097139835357666
ORe 0 0.0 3.4097139835357666
ORe 0 0.0 3.4097139835357666
ORe 0 0.0 3.4097139835357666
ORe 0 0.0 3.4097139835357666
ORe 0 0.0 inf
ORe 1 3.4315619468688965 4.82206392288208
ORe 1 3.4315619468688965 4.82206392288208
ORe 1 3.4315619468688965 4.82206392288208
ORe 1 3.4315619468688965 4.82206392288208
ORe 1 3.4097139835357666 4.82206392288208
ORe 1 3.4097139835357666 4.82206392288208
ORe 1 3.4097139835357666 4.82206392288208
ORe 1 3.4097139835357666 4.82206392288208
ORe 1 3.4097139835357666 4.82206392288208
ORe 1 3.4097139835357666 4.82206392288208
ORe 1 3.4097139835357666 4.82206392288208
ORe 1 3.4097139835357666 4.82206392288208
ORe 1 3.4097139835357666 4.82206392288208
ORe 1 3.4097139835357666 4.82206392288208
ORe 1 3.4097139835357666 4.82206392288208
ORe 1 3.4097139835357666 4.82206392288208
ORe 1 3.4097139835357666 4.82206392288208
ORe 1 3.4097139835357666 4.82206392288208
ORe 1 3.4097139835357666 4.82206392288208
ORe 1 3.4097139835357666 4.82206392288208
ORe 1 3.4097139835357666 4.82206392288208
ORe 1 3.4097139835357666 4.82206392288208
ORe 1 3.4097139835357666 4.82206392288208
ORe 1 3.4097139835357666 4.82206392288208
ORe 1 3.4097139835357666 4.82206392288208
ORe 1 3.4097139835357666 4.82206392288208
ORe 1 3.4097139835357666 4.82206392288208
ORe 1 3.4097139835357666 4.82206392288208
ORe 1 3.4097139835357666 4.82206392288208
ORe 1 3.4097139835357666 4.82206392288208
ORe 1 3.4097139835357666 4.82206392288208
ORe 1 3.4097139835357666 4.82206392288208
ORe 2 5.117391109466553 5.3688130378723145
ORe 2 4.82206392288208 5.117391109466553
ORe 2 4.82206392288208 5.117391109466553
ORe 2 4.82206392288208 5.117391109466553
ORe 2 4.82206392288208 5.117391109466553
ORe 2 4.82206392288208 5.117391109466553
ORe 2 4.82206392288208 5.117391109466553
ORe 2 4.82206392288208 5.117391109466553
ORe 2 4.82206392288208 5.117391109466553
OO 0 0.0 4.76837158203125e-07
OO 0 0.0 0.5467491745948792
OO 0 0.0 0.5467491745948792
OO 0 0.0 0.5467491745948792
OO 0 0.0 0.5467491745948792
OO 0 0.0 0.5467491745948792
OO 0 0.0 0.5467491745948792
OO 0 0.0 0.5467491745948792
OO 0 0.0 0.5467491745948792
OO 0 0.0 0.5467491745948792
OO 0 0.0 0.5467491745948792
OO 0 0.0 0.5467491745948792
OO 0 0.0 0.5467491745948792
OO 0 0.0 0.5467491745948792
OO 0 0.0 0.5467491745948792
OO 0 0.0 0.5467491745948792
OO 0 0.0 0.5467491745948792
OO 0 0.0 0.5467491745948792
OO 0 0.0 0.5467491745948792
OO 0 0.0 0.5467491745948792
OO 0 0.0 0.5467491745948792
OO 0 0.0 0.5467491745948792
OO 0 0.0 0.5467491745948792
OO 0 0.0 0.5467491745948792
OO 0 0.0 0.5467491745948792
OO 0 0.0 0.5467491745948792
OO 0 0.0 0.5467491745948792
OO 0 0.0 0.5467491745948792
OO 0 0.0 0.5467491745948792
OO 0 0.0 0.5467491745948792
OO 0 0.0 0.5467491745948792
OO 0 0.0 0.5467491745948792
OO 0 0.0 0.5467491745948792
OO 0 0.0 0.5467491745948792
OO 0 0.0 0.5467491745948792
OO 0 0.0 0.5467491745948792
OO 0 0.0 0.5467491745948792
OO 0 0.0 0.5467491745948792
OO 0 0.0 0.5467491745948792
OO 0 0.0 0.5467491745948792
OO 0 0.0 0.5467491745948792
OO 0 0.0 0.5467491745948792
OO 0 0.0 0.5467491745948792
OO 0 0.0 0.5467491745948792
OO 0 0.0 0.5467491745948792
OO 0 0.0 0.5467491745948792
OO 0 0.0 0.5467491745948792
OO 0 0.0 0.5467491745948792
OO 0 0.0 0.5467491745948792
OO 0 0.0 0.5467491745948792
OO 0 0.0 0.5467491745948792
OO 0 0.0 0.5467491745948792
OO 0 0.0 0.5467491745948792
OO 0 0.0 0.5467491745948792
OO 0 0.0 0.5467491745948792
OO 0 0.0 0.5467491745948792
OO 0 0.0 0.5467491745948792
OO 0 0.0 0.5467491745948792
OO 0 0.0 0.5467491745948792
OO 0 0.0 0.5467491745948792
OO 0 0.0 0.5467491745948792
OO 0 0.0 0.5467491745948792
OO 0 0.0 0.5467491745948792
OO 0 0.0 0.5467491745948792
OO 0 0.0 0.5467491745948792
OO 0 0.0 3.4315619468688965
OO 0 0.0 3.4315619468688965
OO 0 0.0 3.4315619468688965
OO 0 0.0 3.4315619468688965
OO 0 0.0 3.4315619468688965
OO 0 0.0 3.4315619468688965
OO 0 0.0 3.4315619468688965
OO 0 0.0 3.4315619468688965
OO 0 0.0 3.4315619468688965
OO 0 0.0 3.4315619468688965
OO 0 0.0 3.4315619468688965
OO 0 0.0 3.4315619468688965
OO 0 0.0 3.4315619468688965
OO 0 0.0 3.4315619468688965
OO 0 0.0 3.4315619468688965
OO 0 0.0 3.4315619468688965
OO 0 0.0 3.4315619468688965
OO 0 0.0 3.4315619468688965
OO 0 0.0 3.4315619468688965
OO 0 0.0 3.4315619468688965
OO 0 0.0 3.4315619468688965
OO 0 0.0 3.4315619468688965
OO 0 0.0 3.4315619468688965
OO 0 0.0 3.4315619468688965
OO 0 0.0 3.4315619468688965
OO 0 0.0 3.4315619468688965
OO 0 0.0 3.4315619468688965
OO 0 0.0 3.4315619468688965
OO 0 0.0 3.4315619468688965
OO 0 0.0 3.4315619468688965
OO 0 0.0 3.4315619468688965
OO 0 0.0 3.4315619468688965
OO 0 0.0 3.4315619468688965
OO 0 0.0 3.4315619468688965
OO 0 0.0 3.4315619468688965
OO 0 0.0 3.4315619468688965
OO 0 0.0 inf
OO 1 3.4315619468688965 4.82206392288208
OO 1 3.4315619468688965 4.82206392288208
OO 1 3.4315619468688965 4.82206392288208
OO 1 3.4315619468688965 4.82206392288208
OO 1 3.4315619468688965 4.82206392288208
OO 1 3.4315619468688965 4.82206392288208
OO 1 3.4315619468688965 4.82206392288208
OO 1 3.4315619468688965 4.82206392288208
OO 1 3.4315619468688965 4.82206392288208
OO 1 3.4315619468688965 4.82206392288208
OO 1 3.4315619468688965 4.82206392288208
OO 1 3.4315619468688965 4.82206392288208
OO 1 3.4315619468688965 4.82206392288208
OO 1 3.4315619468688965 4.82206392288208
OO 1 3.4315619468688965 4.82206392288208
OO 1 3.4315619468688965 4.82206392288208
OO 1 3.4315619468688965 4.82206392288208
OO 1 3.4315619468688965 4.82206392288208
OO 1 3.4315619468688965 4.82206392288208
OO 1 3.4315619468688965 4.82206392288208
OO 1 3.4315619468688965 4.82206392288208
OO 1 3.4315619468688965 4.82206392288208
OO 1 3.4315619468688965 4.82206392288208
OO 1 3.4315619468688965 4.82206392288208
OO 1 3.4315619468688965 4.82206392288208
OO 1 3.4315619468688965 4.82206392288208
OO 1 3.4315619468688965 4.82206392288208
OO 1 3.4315619468688965 4.82206392288208
OO 1 3.4315619468688965 4.82206392288208
OO 1 3.4315619468688965 4.82206392288208
OO 1 3.4315619468688965 4.82206392288208
OO 1 3.4315619468688965 4.82206392288208
OO 2 5.117391109466553 5.3688130378723145
OO 2 4.82206392288208 5.3688130378723145
OO 2 4.82206392288208 5.3688130378723145
OO 2 4.82206392288208 5.3688130378723145
OO 2 4.82206392288208 5.3688130378723145
OO 2 4.82206392288208 5.3688130378723145
OO 2 4.82206392288208 5.3688130378723145
OO 2 4.82206392288208 5.3688130378723145
OO 2 4.82206392288208 5.3688130378723145
ORe 0 0.0 4.76837158203125e-07
ORe 0 0.0 0.3866100311279297
ORe 0 0.0 0.3866100311279297
ORe 0 0.0 0.3866100311279297
ORe 0 0.0 0.3866100311279297
ORe 0 0.0 0.3866100311279297
ORe 0 0.0 0.3866100311279297
ORe 0 0.0 0.3866100311279297
ORe 0 0.0 0.3866100311279297
ORe 0 0.0 0.3866100311279297
ORe 0 0.0 0.3866100311279297
ORe 0 0.0 0.3866100311279297
ORe 0 0.0 0.3866100311279297
ORe 0 0.0 0.3866100311279297
ORe 0 0.0 0.3866100311279297
ORe 0 0.0 0.3866100311279297
ORe 0 0.0 0.3866100311279297
ORe 0 0.0 0.3866100311279297
ORe 0 0.0 0.3866100311279297
ORe 0 0.0 0.3866100311279297
ORe 0 0.0 0.3866100311279297
ORe 0 0.0 0.3866100311279297
ORe 0 0.0 0.3866100311279297
ORe 0 0.0 0.3866100311279297
ORe 0 0.0 0.3866100311279297
ORe 0 0.0 0.3866100311279297
ORe 0 0.0 0.3866100311279297
ORe 0 0.0 0.3866100311279297
ORe 0 0.0 0.3866100311279297
ORe 0 0.0 0.3866100311279297
ORe 0 0.0 0.3866100311279297
ORe 0 0.0 0.3866100311279297
ORe 0 0.0 0.3866100311279297
ORe 0 0.0 0.3866100311279297
ORe 0 0.0 0.3866100311279297
ORe 0 0.0 0.3866100311279297
ORe 0 0.0 0.3866100311279297
ORe 0 0.0 0.3866100311279297
ORe 0 0.0 0.3866100311279297
ORe 0 0.0 0.3866100311279297
ORe 0 0.0 0.3866100311279297
ORe 0 0.0 0.3866100311279297
ORe 0 0.0 0.3866100311279297
ORe 0 0.0 0.3866100311279297
ORe 0 0.0 0.3866100311279297
ORe 0 0.0 0.3866100311279297
ORe 0 0.0 0.3866100311279297
ORe 0 0.0 0.3866100311279297
ORe 0 0.0 0.3866100311279297
ORe 0 0.0 0.3866100311279297
ORe 0 0.0 0.3866100311279297
ORe 0 0.0 0.3866100311279297
ORe 0 0.0 0.3866100311279297
ORe 0 0.0 0.3866100311279297
ORe 0 0.0 0.3866100311279297
ORe 0 0.0 0.3866100311279297
ORe 0 0.0 0.3866100311279297
ORe 0 0.0 0.3866100311279297
ORe 0 0.0 0.3866100311279297
ORe 0 0.0 0.3866100311279297
ORe 0 0.0 0.3866100311279297
ORe 0 0.0 0.3866100311279297
ORe 0 0.0 0.3866100311279297
ORe 0 0.0 0.3866100311279297
ORe 0 0.0 0.3866100311279297
ORe 0 0.0 0.3866100311279297
ORe 0 0.0 0.3866100311279297
ORe 0 0.0 0.3866100311279297
ORe 0 0.0 0.3866100311279297
ORe 0 0.0 0.3866100311279297
ORe 0 0.0 0.3866100311279297
ORe 0 0.0 0.3866100311279297
ORe 0 0.0 0.3866100311279297
ORe 0 0.0 0.3866100311279297
ORe 0 0.0 0.3866100311279297
ORe 0 0.0 0.3866100311279297
ORe 0 0.0 0.3866100311279297
ORe 0 0.0 0.3866100311279297
ORe 0 0.0 0.3866100311279297
ORe 0 0.0 0.3866100311279297
ORe 0 0.0 0.3866100311279297
ORe 0 0.0 0.3866100311279297
ORe 0 0.0 0.3866100311279297
ORe 0 0.0 0.3866100311279297
ORe 0 0.0 0.3866100311279297
ORe 0 0.0 0.3866100311279297
ORe 0 0.0 0.3866100311279297
ORe 0 0.0 0.3866100311279297
ORe 0 0.0 0.3866100311279297
ORe 0 0.0 0.3866100311279297
ORe 0 0.0 0.3866100311279297
ORe 0 0.0 0.3866100311279297
ORe 0 0.0 0.3866100311279297
ORe 0 0.0 0.3866100311279297
ORe 0 0.0 0.3866100311279297
ORe 0 0.0 0.3866100311279297
ORe 0 0.0 0.3866100311279297
ORe 0 0.0 0.3866100311279297
ORe 0 0.0 3.4097139835357666
ORe 0 0.0 3.4097139835357666
ORe 0 0.0 3.4097139835357666
ORe 0 0.0 3.4097139835357666
ORe 0 0.0 3.4097139835357666
ORe 0 0.0 3.4097139835357666
ORe 0 0.0 3.4097139835357666
ORe 0 0.0 3.4097139835357666
ORe 0 0.0 3.4097139835357666
ORe 0 0.0 3.4097139835357666
ORe 0 0.0 3.4097139835357666
ORe 0 0.0 3.4097139835357666
ORe 0 0.0 3.4097139835357666
ORe 0 0.0 3.4097139835357666
ORe 0 0.0 3.4097139835357666
ORe 0 0.0 3.4097139835357666
ORe 0 0.0 3.4097139835357666
ORe 0 0.0 3.4097139835357666
ORe 0 0.0 3.4097139835357666
ORe 0 0.0 3.4097139835357666
ORe 0 0.0 3.4097139835357666
ORe 0 0.0 3.4097139835357666
ORe 0 0.0 3.4097139835357666
ORe 0 0.0 3.4097139835357666
ORe 0 0.0 3.4097139835357666
ORe 0 0.0 3.4097139835357666
ORe 0 0.0 3.4097139835357666
ORe 0 0.0 3.4097139835357666
ORe 0 0.0 3.4097139835357666
ORe 0 0.0 3.4097139835357666
ORe 0 0.0 3.4097139835357666
ORe 0 0.0 3.4097139835357666
ORe 0 0.0 3.4097139835357666
ORe 0 0.0 3.4097139835357666
ORe 0 0.0 3.4097139835357666
ORe 0 0.0 3.4097139835357666
ORe 0 0.0 inf
ORe 1 3.4315619468688965 4.82206392288208
ORe 1 3.4315619468688965 4.82206392288208
ORe 1 3.4315619468688965 4.82206392288208
ORe 1 3.4315619468688965 4.82206392288208
ORe 1 3.4097139835357666 4.82206392288208
ORe 1 3.4097139835357666 4.82206392288208
ORe 1 3.4097139835357666 4.82206392288208
ORe 1 3.4097139835357666 4.82206392288208
ORe 1 3.4097139835357666 4.82206392288208
ORe 1 3.4097139835357666 4.82206392288208
ORe 1 3.4097139835357666 4.82206392288208
ORe 1 3.4097139835357666 4.82206392288208
ORe 1 3.4097139835357666 4.82206392288208
ORe 1 3.4097139835357666 4.82206392288208
ORe 1 3.4097139835357666 4.82206392288208
ORe 1 3.4097139835357666 4.82206392288208
ORe 1 3.4097139835357666 4.82206392288208
ORe 1 3.4097139835357666 4.82206392288208
ORe 1 3.4097139835357666 4.82206392288208
ORe 1 3.4097139835357666 4.82206392288208
ORe 1 3.4097139835357666 4.82206392288208
ORe 1 3.4097139835357666 4.82206392288208
ORe 1 3.4097139835357666 4.82206392288208
ORe 1 3.4097139835357666 4.82206392288208
ORe 1 3.4097139835357666 4.82206392288208
ORe 1 3.4097139835357666 4.82206392288208
ORe 1 3.4097139835357666 4.82206392288208
ORe 1 3.4097139835357666 4.82206392288208
ORe 1 3.4097139835357666 4.82206392288208
ORe 1 3.4097139835357666 4.82206392288208
ORe 1 3.4097139835357666 4.82206392288208
ORe 1 3.4097139835357666 4.82206392288208
ORe 2 5.117391109466553 5.3688130378723145
ORe 2 4.82206392288208 5.117391109466553
ORe 2 4.82206392288208 5.117391109466553
ORe 2 4.82206392288208 5.117391109466553
ORe 2 4.82206392288208 5.117391109466553
ORe 2 4.82206392288208 5.117391109466553
ORe 2 4.82206392288208 5.117391109466553
ORe 2 4.82206392288208 5.117391109466553
ORe 2 4.82206392288208 5.117391109466553
OO 0 0.0 4.76837158203125e-07
OO 0 0.0 0.5467491745948792
OO 0 0.0 0.5467491745948792
OO 0 0.0 0.5467491745948792
OO 0 0.0 0.5467491745948792
OO 0 0.0 0.5467491745948792
OO 0 0.0 0.5467491745948792
OO 0 0.0 0.5467491745948792
OO 0 0.0 0.5467491745948792
OO 0 0.0 0.5467491745948792
OO 0 0.0 0.5467491745948792
OO 0 0.0 0.5467491745948792
OO 0 0.0 0.5467491745948792
OO 0 0.0 0.5467491745948792
OO 0 0.0 0.5467491745948792
OO 0 0.0 0.5467491745948792
OO 0 0.0 0.5467491745948792
OO 0 0.0 0.5467491745948792
OO 0 0.0 0.5467491745948792
OO 0 0.0 0.5467491745948792
OO 0 0.0 0.5467491745948792
OO 0 0.0 0.5467491745948792
OO 0 0.0 0.5467491745948792
OO 0 0.0 0.5467491745948792
OO 0 0.0 0.5467491745948792
OO 0 0.0 0.5467491745948792
OO 0 0.0 0.5467491745948792
OO 0 0.0 0.5467491745948792
OO 0 0.0 0.5467491745948792
OO 0 0.0 0.5467491745948792
OO 0 0.0 0.5467491745948792
OO 0 0.0 0.5467491745948792
OO 0 0.0 0.5467491745948792
OO 0 0.0 0.5467491745948792
OO 0 0.0 0.5467491745948792
OO 0 0.0 0.5467491745948792
OO 0 0.0 0.5467491745948792
OO 0 0.0 0.5467491745948792
OO 0 0.0 0.5467491745948792
OO 0 0.0 0.5467491745948792
OO 0 0.0 0.5467491745948792
OO 0 0.0 0.5467491745948792
OO 0 0.0 0.5467491745948792
OO 0 0.0 0.5467491745948792
OO 0 0.0 0.5467491745948792
OO 0 0.0 0.5467491745948792
OO 0 0.0 0.5467491745948792
OO 0 0.0 0.5467491745948792
OO 0 0.0 0.5467491745948792
OO 0 0.0 0.5467491745948792
OO 0 0.0 0.5467491745948792
OO 0 0.0 0.5467491745948792
OO 0 0.0 0.5467491745948792
OO 0 0.0 0.5467491745948792
OO 0 0.0 0.5467491745948792
OO 0 0.0 0.5467491745948792
OO 0 0.0 0.5467491745948792
OO 0 0.0 0.5467491745948792
OO 0 0.0 0.5467491745948792
OO 0 0.0 0.5467491745948792
OO 0 0.0 0.5467491745948792
OO 0 0.0 0.5467491745948792
OO 0 0.0 0.5467491745948792
OO 0 0.0 0.5467491745948792
OO 0 0.0 0.5467491745948792
OO 0 0.0 3.4315619468688965
OO 0 0.0 3.4315619468688965
OO 0 0.0 3.4315619468688965
OO 0 0.0 3.4315619468688965
OO 0 0.0 3.4315619468688965
OO 0 0.0 3.4315619468688965
OO 0 0.0 3.4315619468688965
OO 0 0.0 3.4315619468688965
OO 0 0.0 3.4315619468688965
OO 0 0.0 3.4315619468688965
OO 0 0.0 3.4315619468688965
OO 0 0.0 3.4315619468688965
OO 0 0.0 3.4315619468688965
OO 0 0.0 3.4315619468688965
OO 0 0.0 3.4315619468688965
OO 0 0.0 3.4315619468688965
OO 0 0.0 3.4315619468688965
OO 0 0.0 3.4315619468688965
OO 0 0.0 3.4315619468688965
OO 0 0.0 3.4315619468688965
OO 0 0.0 3.4315619468688965
OO 0 0.0 3.4315619468688965
OO 0 0.0 3.4315619468688965
OO 0 0.0 3.4315619468688965
OO 0 0.0 3.4315619468688965
OO 0 0.0 3.4315619468688965
OO 0 0.0 3.4315619468688965
OO 0 0.0 3.4315619468688965
OO 0 0.0 3.4315619468688965
OO 0 0.0 3.4315619468688965
OO 0 0.0 3.4315619468688965
OO 0 0.0 3.4315619468688965
OO 0 0.0 3.4315619468688965
OO 0 0.0 3.4315619468688965
OO 0 0.0 3.4315619468688965
OO 0 0.0 3.4315619468688965
OO 0 0.0 inf
OO 1 3.4315619468688965 4.82206392288208
OO 1 3.4315619468688965 4.82206392288208
OO 1 3.4315619468688965 4.82206392288208
OO 1 3.4315619468688965 4.82206392288208
OO 1 3.4315619468688965 4.82206392288208
OO 1 3.4315619468688965 4.82206392288208
OO 1 3.4315619468688965 4.82206392288208
OO 1 3.4315619468688965 4.82206392288208
OO 1 3.4315619468688965 4.82206392288208
OO 1 3.4315619468688965 4.82206392288208
OO 1 3.4315619468688965 4.82206392288208
OO 1 3.4315619468688965 4.82206392288208
OO 1 3.4315619468688965 4.82206392288208
OO 1 3.4315619468688965 4.82206392288208
OO 1 3.4315619468688965 4.82206392288208
OO 1 3.4315619468688965 4.82206392288208
OO 1 3.4315619468688965 4.82206392288208
OO 1 3.4315619468688965 4.82206392288208
OO 1 3.4315619468688965 4.82206392288208
OO 1 3.4315619468688965 4.82206392288208
OO 1 3.4315619468688965 4.82206392288208
OO 1 3.4315619468688965 4.82206392288208
OO 1 3.4315619468688965 4.82206392288208
OO 1 3.4315619468688965 4.82206392288208
OO 1 3.4315619468688965 4.82206392288208
OO 1 3.4315619468688965 4.82206392288208
OO 1 3.4315619468688965 4.82206392288208
OO 1 3.4315619468688965 4.82206392288208
OO 1 3.4315619468688965 4.82206392288208
OO 1 3.4315619468688965 4.82206392288208
OO 1 3.4315619468688965 4.82206392288208
OO 1 3.4315619468688965 4.82206392288208
OO 2 5.117391109466553 5.3688130378723145
OO 2 4.82206392288208 5.3688130378723145
OO 2 4.82206392288208 5.3688130378723145
OO 2 4.82206392288208 5.3688130378723145
OO 2 4.82206392288208 5.3688130378723145
OO 2 4.82206392288208 5.3688130378723145
OO 2 4.82206392288208 5.3688130378723145
OO 2 4.82206392288208 5.3688130378723145
OO 2 4.82206392288208 5.3688130378723145
ORe 0 0.0 4.76837158203125e-07
ORe 0 0.0 0.3866100311279297
ORe 0 0.0 0.3866100311279297
ORe 0 0.0 0.3866100311279297
ORe 0 0.0 0.3866100311279297
ORe 0 0.0 0.3866100311279297
ORe 0 0.0 0.3866100311279297
ORe 0 0.0 0.3866100311279297
ORe 0 0.0 0.3866100311279297
ORe 0 0.0 0.3866100311279297
ORe 0 0.0 0.3866100311279297
ORe 0 0.0 0.3866100311279297
ORe 0 0.0 0.3866100311279297
ORe 0 0.0 0.3866100311279297
ORe 0 0.0 0.3866100311279297
ORe 0 0.0 0.3866100311279297
ORe 0 0.0 0.3866100311279297
ORe 0 0.0 0.3866100311279297
ORe 0 0.0 0.3866100311279297
ORe 0 0.0 0.3866100311279297
ORe 0 0.0 0.3866100311279297
ORe 0 0.0 0.3866100311279297
ORe 0 0.0 0.3866100311279297
ORe 0 0.0 0.3866100311279297
ORe 0 0.0 0.3866100311279297
ORe 0 0.0 0.3866100311279297
ORe 0 0.0 0.3866100311279297
ORe 0 0.0 0.3866100311279297
ORe 0 0.0 0.3866100311279297
ORe 0 0.0 0.3866100311279297
ORe 0 0.0 0.3866100311279297
ORe 0 0.0 0.3866100311279297
ORe 0 0.0 0.3866100311279297
ORe 0 0.0 0.3866100311279297
ORe 0 0.0 0.3866100311279297
ORe 0 0.0 0.3866100311279297
ORe 0 0.0 0.3866100311279297
ORe 0 0.0 0.3866100311279297
ORe 0 0.0 0.3866100311279297
ORe 0 0.0 0.3866100311279297
ORe 0 0.0 0.3866100311279297
ORe 0 0.0 0.3866100311279297
ORe 0 0.0 0.3866100311279297
ORe 0 0.0 0.3866100311279297
ORe 0 0.0 0.3866100311279297
ORe 0 0.0 0.3866100311279297
ORe 0 0.0 0.3866100311279297
ORe 0 0.0 0.3866100311279297
ORe 0 0.0 0.3866100311279297
ORe 0 0.0 0.3866100311279297
ORe 0 0.0 0.3866100311279297
ORe 0 0.0 0.3866100311279297
ORe 0 0.0 0.3866100311279297
ORe 0 0.0 0.3866100311279297
ORe 0 0.0 0.3866100311279297
ORe 0 0.0 0.3866100311279297
ORe 0 0.0 0.3866100311279297
ORe 0 0.0 0.3866100311279297
ORe 0 0.0 0.3866100311279297
ORe 0 0.0 0.3866100311279297
ORe 0 0.0 0.3866100311279297
ORe 0 0.0 0.3866100311279297
ORe 0 0.0 0.3866100311279297
ORe 0 0.0 0.3866100311279297
ORe 0 0.0 0.3866100311279297
ORe 0 0.0 0.3866100311279297
ORe 0 0.0 0.3866100311279297
ORe 0 0.0 0.3866100311279297
ORe 0 0.0 0.3866100311279297
ORe 0 0.0 0.3866100311279297
ORe 0 0.0 0.3866100311279297
ORe 0 0.0 0.3866100311279297
ORe 0 0.0 0.3866100311279297
ORe 0 0.0 0.3866100311279297
ORe 0 0.0 0.3866100311279297
ORe 0 0.0 0.3866100311279297
ORe 0 0.0 0.3866100311279297
ORe 0 0.0 0.3866100311279297
ORe 0 0.0 0.3866100311279297
ORe 0 0.0 0.3866100311279297
ORe 0 0.0 0.3866100311279297
ORe 0 0.0 0.3866100311279297
ORe 0 0.0 0.3866100311279297
ORe 0 0.0 0.3866100311279297
ORe 0 0.0 0.3866100311279297
ORe 0 0.0 0.3866100311279297
ORe 0 0.0 0.3866100311279297
ORe 0 0.0 0.3866100311279297
ORe 0 0.0 0.3866100311279297
ORe 0 0.0 0.3866100311279297
ORe 0 0.0 0.3866100311279297
ORe 0 0.0 0.3866100311279297
ORe 0 0.0 0.3866100311279297
ORe 0 0.0 0.3866100311279297
ORe 0 0.0 0.3866100311279297
ORe 0 0.0 0.3866100311279297
ORe 0 0.0 0.3866100311279297
ORe 0 0.0 0.3866100311279297
ORe 0 0.0 3.4097139835357666
ORe 0 0.0 3.4097139835357666
ORe 0 0.0 3.4097139835357666
ORe 0 0.0 3.4097139835357666
ORe 0 0.0 3.4097139835357666
ORe 0 0.0 3.4097139835357666
ORe 0 0.0 3.4097139835357666
ORe 0 0.0 3.4097139835357666
ORe 0 0.0 3.4097139835357666
ORe 0 0.0 3.4097139835357666
ORe 0 0.0 3.4097139835357666
ORe 0 0.0 3.4097139835357666
ORe 0 0.0 3.4097139835357666
ORe 0 0.0 3.4097139835357666
ORe 0 0.0 3.4097139835357666
ORe 0 0.0 3.4097139835357666
ORe 0 0.0 3.4097139835357666
ORe 0 0.0 3.4097139835357666
ORe 0 0.0 3.4097139835357666
ORe 0 0.0 3.4097139835357666
ORe 0 0.0 3.4097139835357666
ORe 0 0.0 3.4097139835357666
ORe 0 0.0 3.4097139835357666
ORe 0 0.0 3.4097139835357666
ORe 0 0.0 3.4097139835357666
ORe 0 0.0 3.4097139835357666
ORe 0 0.0 3.4097139835357666
ORe 0 0.0 3.4097139835357666
ORe 0 0.0 3.4097139835357666
ORe 0 0.0 3.4097139835357666
ORe 0 0.0 3.4097139835357666
ORe 0 0.0 3.4097139835357666
ORe 0 0.0 3.4097139835357666
ORe 0 0.0 3.4097139835357666
ORe 0 0.0 3.4097139835357666
ORe 0 0.0 3.4097139835357666
ORe 0 0.0 inf
ORe 1 3.4315619468688965 4.82206392288208
ORe 1 3.4315619468688965 4.82206392288208
ORe 1 3.4315619468688965 4.82206392288208
ORe 1 3.4315619468688965 4.82206392288208
ORe 1 3.4097139835357666 4.82206392288208
ORe 1 3.4097139835357666 4.82206392288208
ORe 1 3.4097139835357666 4.82206392288208
ORe 1 3.4097139835357666 4.82206392288208
ORe 1 3.4097139835357666 4.82206392288208
ORe 1 3.4097139835357666 4.82206392288208
ORe 1 3.4097139835357666 4.82206392288208
ORe 1 3.4097139835357666 4.82206392288208
ORe 1 3.4097139835357666 4.82206392288208
ORe 1 3.4097139835357666 4.82206392288208
ORe 1 3.4097139835357666 4.82206392288208
ORe 1 3.4097139835357666 4.82206392288208
ORe 1 3.4097139835357666 4.82206392288208
ORe 1 3.4097139835357666 4.82206392288208
ORe 1 3.4097139835357666 4.82206392288208
ORe 1 3.4097139835357666 4.82206392288208
ORe 1 3.4097139835357666 4.82206392288208
ORe 1 3.4097139835357666 4.82206392288208
ORe 1 3.4097139835357666 4.82206392288208
ORe 1 3.4097139835357666 4.82206392288208
ORe 1 3.4097139835357666 4.82206392288208
ORe 1 3.4097139835357666 4.82206392288208
ORe 1 3.4097139835357666 4.82206392288208
ORe 1 3.4097139835357666 4.82206392288208
ORe 1 3.4097139835357666 4.82206392288208
ORe 1 3.4097139835357666 4.82206392288208
ORe 1 3.4097139835357666 4.82206392288208
ORe 1 3.4097139835357666 4.82206392288208
ORe 2 5.117391109466553 5.3688130378723145
ORe 2 4.82206392288208 5.117391109466553
ORe 2 4.82206392288208 5.117391109466553
ORe 2 4.82206392288208 5.117391109466553
ORe 2 4.82206392288208 5.117391109466553
ORe 2 4.82206392288208 5.117391109466553
ORe 2 4.82206392288208 5.117391109466553
ORe 2 4.82206392288208 5.117391109466553
ORe 2 4.82206392288208 5.117391109466553
OO 0 0.0 4.76837158203125e-07
OO 0 0.0 0.5467491745948792
OO 0 0.0 0.5467491745948792
OO 0 0.0 0.5467491745948792
OO 0 0.0 0.5467491745948792
OO 0 0.0 0.5467491745948792
OO 0 0.0 0.5467491745948792
OO 0 0.0 0.5467491745948792
OO 0 0.0 0.5467491745948792
OO 0 0.0 0.5467491745948792
OO 0 0.0 0.5467491745948792
OO 0 0.0 0.5467491745948792
OO 0 0.0 0.5467491745948792
OO 0 0.0 0.5467491745948792
OO 0 0.0 0.5467491745948792
OO 0 0.0 0.5467491745948792
OO 0 0.0 0.5467491745948792
OO 0 0.0 0.5467491745948792
OO 0 0.0 0.5467491745948792
OO 0 0.0 0.5467491745948792
OO 0 0.0 0.5467491745948792
OO 0 0.0 0.5467491745948792
OO 0 0.0 0.5467491745948792
OO 0 0.0 0.5467491745948792
OO 0 0.0 0.5467491745948792
OO 0 0.0 0.5467491745948792
OO 0 0.0 0.5467491745948792
OO 0 0.0 0.5467491745948792
OO 0 0.0 0.5467491745948792
OO 0 0.0 0.5467491745948792
OO 0 0.0 0.5467491745948792
OO 0 0.0 0.5467491745948792
OO 0 0.0 0.5467491745948792
OO 0 0.0 0.5467491745948792
OO 0 0.0 0.5467491745948792
OO 0 0.0 0.5467491745948792
OO 0 0.0 0.5467491745948792
OO 0 0.0 0.5467491745948792
OO 0 0.0 0.5467491745948792
OO 0 0.0 0.5467491745948792
OO 0 0.0 0.5467491745948792
OO 0 0.0 0.5467491745948792
OO 0 0.0 0.5467491745948792
OO 0 0.0 0.5467491745948792
OO 0 0.0 0.5467491745948792
OO 0 0.0 0.5467491745948792
OO 0 0.0 0.5467491745948792
OO 0 0.0 0.5467491745948792
OO 0 0.0 0.5467491745948792
OO 0 0.0 0.5467491745948792
OO 0 0.0 0.5467491745948792
OO 0 0.0 0.5467491745948792
OO 0 0.0 0.5467491745948792
OO 0 0.0 0.5467491745948792
OO 0 0.0 0.5467491745948792
OO 0 0.0 0.5467491745948792
OO 0 0.0 0.5467491745948792
OO 0 0.0 0.5467491745948792
OO 0 0.0 0.5467491745948792
OO 0 0.0 0.5467491745948792
OO 0 0.0 0.5467491745948792
OO 0 0.0 0.5467491745948792
OO 0 0.0 0.5467491745948792
OO 0 0.0 0.5467491745948792
OO 0 0.0 0.5467491745948792
OO 0 0.0 3.4315619468688965
OO 0 0.0 3.4315619468688965
OO 0 0.0 3.4315619468688965
OO 0 0.0 3.4315619468688965
OO 0 0.0 3.4315619468688965
OO 0 0.0 3.4315619468688965
OO 0 0.0 3.4315619468688965
OO 0 0.0 3.4315619468688965
OO 0 0.0 3.4315619468688965
OO 0 0.0 3.4315619468688965
OO 0 0.0 3.4315619468688965
OO 0 0.0 3.4315619468688965
OO 0 0.0 3.4315619468688965
OO 0 0.0 3.4315619468688965
OO 0 0.0 3.4315619468688965
OO 0 0.0 3.4315619468688965
OO 0 0.0 3.4315619468688965
OO 0 0.0 3.4315619468688965
OO 0 0.0 3.4315619468688965
OO 0 0.0 3.4315619468688965
OO 0 0.0 3.4315619468688965
OO 0 0.0 3.4315619468688965
OO 0 0.0 3.4315619468688965
OO 0 0.0 3.4315619468688965
OO 0 0.0 3.4315619468688965
OO 0 0.0 3.4315619468688965
OO 0 0.0 3.4315619468688965
OO 0 0.0 3.4315619468688965
OO 0 0.0 3.4315619468688965
OO 0 0.0 3.4315619468688965
OO 0 0.0 3.4315619468688965
OO 0 0.0 3.4315619468688965
OO 0 0.0 3.4315619468688965
OO 0 0.0 3.4315619468688965
OO 0 0.0 3.4315619468688965
OO 0 0.0 3.4315619468688965
OO 0 0.0 inf
OO 1 3.4315619468688965 4.82206392288208
OO 1 3.4315619468688965 4.82206392288208
OO 1 3.4315619468688965 4.82206392288208
OO 1 3.4315619468688965 4.82206392288208
OO 1 3.4315619468688965 4.82206392288208
OO 1 3.4315619468688965 4.82206392288208
OO 1 3.4315619468688965 4.82206392288208
OO 1 3.4315619468688965 4.82206392288208
OO 1 3.4315619468688965 4.82206392288208
OO 1 3.4315619468688965 4.82206392288208
OO 1 3.4315619468688965 4.82206392288208
OO 1 3.4315619468688965 4.82206392288208
OO 1 3.4315619468688965 4.82206392288208
OO 1 3.4315619468688965 4.82206392288208
OO 1 3.4315619468688965 4.82206392288208
OO 1 3.4315619468688965 4.82206392288208
OO 1 3.4315619468688965 4.82206392288208
OO 1 3.4315619468688965 4.82206392288208
OO 1 3.4315619468688965 4.82206392288208
OO 1 3.4315619468688965 4.82206392288208
OO 1 3.4315619468688965 4.82206392288208
OO 1 3.4315619468688965 4.82206392288208
OO 1 3.4315619468688965 4.82206392288208
OO 1 3.4315619468688965 4.82206392288208
OO 1 3.4315619468688965 4.82206392288208
OO 1 3.4315619468688965 4.82206392288208
OO 1 3.4315619468688965 4.82206392288208
OO 1 3.4315619468688965 4.82206392288208
OO 1 3.4315619468688965 4.82206392288208
OO 1 3.4315619468688965 4.82206392288208
OO 1 3.4315619468688965 4.82206392288208
OO 1 3.4315619468688965 4.82206392288208
OO 2 5.117391109466553 5.3688130378723145
OO 2 4.82206392288208 5.3688130378723145
OO 2 4.82206392288208 5.3688130378723145
OO 2 4.82206392288208 5.3688130378723145
OO 2 4.82206392288208 5.3688130378723145
OO 2 4.82206392288208 5.3688130378723145
OO 2 4.82206392288208 5.3688130378723145
OO 2 4.82206392288208 5.3688130378723145
OO 2 4.82206392288208 5.3688130378723145
