SrSr 0 0.0 4.356884002685547
SrSr 0 0.0 4.356884002685547
SrSr 0 0.0 4.356884002685547
SrSr 0 0.0 4.356884002685547
SrSr 0 0.0 4.356884002685547
SrSr 0 0.0 4.356884002685547
SrSr 0 0.0 4.356884002685547
SrSr 0 0.0 4.356884002685547
SrSr 0 0.0 4.356884002685547
SrSr 0 0.0 4.356884002685547
SrSr 0 0.0 4.356884002685547
SrSr 0 0.0 4.356884002685547
SrSr 0 0.0 4.356884002685547
SrSr 0 0.0 4.356884002685547
SrSr 0 0.0 4.356884002685547
SrSr 0 0.0 4.356884002685547
SrSr 0 0.0 4.356884002685547
SrSr 0 0.0 4.356884002685547
SrSr 0 0.0 4.356884002685547
SrSr 0 0.0 4.356884002685547
SrSr 0 0.0 4.356884002685547
SrSr 0 0.0 4.356884002685547
SrSr 0 0.0 4.356884002685547
SrSr 0 0.0 4.356884002685547
SrSr 0 0.0 4.8240227699279785
SrSr 0 0.0 4.8240227699279785
SrSr 0 0.0 inf
SrSr 1 4.8240227699279785 6.500279426574707
SrSr 1 4.8240227699279785 6.500279426574707
SrSr 1 4.8240227699279785 6.500279426574707
SrSr 1 4.8240227699279785 6.500279426574707
SrSr 1 4.8240227699279785 6.500279426574707
SrSr 1 4.8240227699279785 6.500279426574707
SrSr 1 4.8240227699279785 6.500279426574707
SrSr 1 4.8240227699279785 6.500279426574707
SrSr 1 4.8240227699279785 6.500279426574707
SrSr 1 4.8240227699279785 6.500279426574707
SrSr 1 4.8240227699279785 6.500279426574707
SrSr 1 4.8240227699279785 6.500279426574707
SrSr 2 6.500279426574707 6.500279903411865
SrSr 2 6.500279426574707 6.500279903411865
SrSr 2 6.500279426574707 6.500279903411865
SrSr 2 6.500279426574707 6.500279903411865
SrSr 2 6.500279426574707 6.500279903411865
SrSr 2 6.500279426574707 6.500279903411865
SrSr 2 6.500279426574707 6.500279903411865
SrSr 2 6.500279426574707 6.500279903411865
SrGa 0 0.0 1.654792070388794
SrGa 0 0.0 1.654792070388794
SrGa 0 0.0 1.654792070388794
SrGa 0 0.0 1.654792070388794
SrGa 0 0.0 1.654792070388794
SrGa 0 0.0 2.2232091426849365
SrGa 0 0.0 2.2232091426849365
SrGa 0 0.0 2.2232091426849365
SrGa 0 0.0 2.2232091426849365
SrGa 0 0.0 2.2232091426849365
SrGa 0 0.0 2.2232091426849365
SrGa 0 0.0 2.2232091426849365
SrGa 0 0.0 2.2232091426849365
SrGa 0 0.0 2.8995208740234375
SrGa 0 0.0 2.8995208740234375
SrGa 0 0.0 2.8995208740234375
SrGa 0 0.0 2.8995208740234375
SrGa 0 0.0 2.8995208740234375
SrGa 0 0.0 2.8995208740234375
SrGa 0 0.0 2.998965263366699
SrGa 0 0.0 2.998965263366699
SrGa 0 0.0 3.00630259513855
SrGa 0 0.0 3.00630259513855
SrGa 0 0.0 3.00630259513855
SrGa 0 0.0 3.170774221420288
SrGa 0 0.0 3.617870807647705
SrGa 0 0.0 3.9554500579833984
SrGa 0 0.0 3.9554500579833984
SrGa 0 0.0 4.186643600463867
SrGa 0 0.0 4.265169143676758
SrGa 0 0.0 4.356884002685547
SrGa 0 0.0 4.356884002685547
SrGa 0 0.0 4.356884002685547
SrGa 0 0.0 4.356884002685547
SrGa 0 0.0 4.356884002685547
SrGa 0 0.0 4.356884002685547
SrGa 0 0.0 4.356884002685547
SrGa 0 0.0 4.356884002685547
SrGa 0 0.0 4.356884002685547
SrGa 0 0.0 4.356884002685547
SrGa 0 0.0 4.8240227699279785
SrGa 0 0.0 inf
SrGa 1 4.8240227699279785 6.500279426574707
SrGa 1 4.8240227699279785 5.4683356285095215
SrGa 1 4.8240227699279785 6.500279426574707
SrGa 1 4.8240227699279785 6.500279426574707
SrGa 1 4.8240227699279785 6.500279426574707
SrGa 1 4.8240227699279785 6.500279426574707
SrGa 1 4.8240227699279785 6.500279426574707
SrGa 1 4.265182971954346 4.356884002685547
SrGa 1 4.265169143676758 4.356884002685547
SrGa 1 4.265169143676758 4.7208967208862305
SrGa 1 4.186643600463867 4.356884002685547
SrGa 1 4.186643600463867 4.356884002685547
SrGa 1 3.9554500579833984 4.443059921264648
SrGa 1 3.170774221420288 4.356884002685547
SrGa 1 3.170774221420288 4.443059921264648
SrGa 1 3.00630259513855 4.356884002685547
SrGa 1 3.00630259513855 4.356884002685547
SrGa 2 6.500279426574707 6.500279903411865
SrGa 2 6.500279426574707 6.500279903411865
SrGa 2 6.500279426574707 6.500279903411865
SrGa 2 6.500279426574707 6.500279903411865
SrGa 2 4.7208967208862305 4.7209086418151855
SrGa 2 4.650073528289795 4.819305896759033
SrGa 2 4.356884002685547 4.694964408874512
SrGa 2 4.356884002685547 4.4962029457092285
GaSr 0 0.0 1.654792070388794
GaSr 0 0.0 1.654792070388794
GaSr 0 0.0 1.654792070388794
GaSr 0 0.0 1.654792070388794
GaSr 0 0.0 1.654792070388794
GaSr 0 0.0 1.654792070388794
GaSr 0 0.0 1.654792070388794
GaSr 0 0.0 1.654792070388794
GaSr 0 0.0 1.654792070388794
GaSr 0 0.0 1.654792070388794
GaSr 0 0.0 1.654792070388794
GaSr 0 0.0 1.654792070388794
GaSr 0 0.0 1.654792070388794
GaSr 0 0.0 1.654792070388794
GaSr 0 0.0 1.654792070388794
GaSr 0 0.0 1.654792070388794
GaSr 0 0.0 2.2232091426849365
GaSr 0 0.0 2.2232091426849365
GaSr 0 0.0 2.2232091426849365
GaSr 0 0.0 2.2232091426849365
GaSr 0 0.0 2.2232091426849365
GaSr 0 0.0 2.2232091426849365
GaSr 0 0.0 2.2232091426849365
GaSr 0 0.0 2.2232091426849365
GaSr 0 0.0 2.2232091426849365
GaSr 0 0.0 2.2232091426849365
GaSr 0 0.0 2.2232091426849365
GaSr 0 0.0 2.2232091426849365
GaSr 0 0.0 2.2232091426849365
GaSr 0 0.0 2.8995208740234375
GaSr 0 0.0 2.8995208740234375
GaSr 0 0.0 2.8995208740234375
GaSr 0 0.0 2.8995208740234375
GaSr 0 0.0 2.8995208740234375
GaSr 0 0.0 2.8995208740234375
GaSr 0 0.0 2.8995208740234375
GaSr 0 0.0 2.8995208740234375
GaSr 0 0.0 2.8995208740234375
GaSr 0 0.0 2.8995208740234375
GaSr 0 0.0 2.8995208740234375
GaSr 0 0.0 2.8995208740234375
GaSr 0 0.0 2.8995208740234375
GaSr 0 0.0 2.8995208740234375
GaSr 0 0.0 2.8995208740234375
GaSr 0 0.0 2.8995208740234375
GaSr 0 0.0 2.9238457679748535
GaSr 0 0.0 2.9238457679748535
GaSr 0 0.0 2.998965263366699
GaSr 0 0.0 2.998965263366699
GaSr 0 0.0 2.998965263366699
GaSr 0 0.0 2.998965263366699
GaSr 0 0.0 2.998965263366699
GaSr 0 0.0 2.998965263366699
GaSr 0 0.0 3.00630259513855
GaSr 0 0.0 3.00630259513855
GaSr 0 0.0 3.00630259513855
GaSr 0 0.0 3.00630259513855
GaSr 0 0.0 3.170774221420288
GaSr 0 0.0 3.170774221420288
GaSr 0 0.0 3.5358755588531494
GaSr 0 0.0 3.5358755588531494
GaSr 0 0.0 4.265169143676758
GaSr 0 0.0 4.265182971954346
GaSr 0 0.0 inf
GaSr 1 4.265182971954346 4.356884002685547
GaSr 1 4.265182971954346 4.356884002685547
GaSr 1 4.265182971954346 4.356884002685547
GaSr 1 4.265182971954346 4.356884002685547
GaSr 1 4.265182971954346 4.356884002685547
GaSr 1 4.265182971954346 4.356884002685547
GaSr 1 4.265182971954346 4.356884002685547
GaSr 1 4.265169143676758 4.356884002685547
GaSr 1 4.265169143676758 4.356884002685547
GaSr 1 4.265169143676758 4.7208967208862305
GaSr 1 4.265169143676758 4.356884002685547
GaSr 1 4.265169143676758 4.356884002685547
GaSr 1 4.265169143676758 4.7208967208862305
GaSr 1 3.9554500579833984 4.356884002685547
GaSr 1 3.617870807647705 4.356884002685547
GaSr 1 3.617870807647705 4.356884002685547
GaSr 1 3.617870807647705 4.356884002685547
GaSr 1 3.617870807647705 4.356884002685547
GaSr 1 3.617870807647705 4.356884002685547
GaSr 1 3.5358755588531494 4.356884002685547
GaSr 1 3.5358755588531494 4.356884002685547
GaSr 1 3.5358755588531494 4.356884002685547
GaSr 1 3.170774221420288 4.356884002685547
GaSr 1 3.170774221420288 4.356884002685547
GaSr 1 3.170774221420288 4.356884002685547
GaSr 1 3.170774221420288 4.356884002685547
GaSr 1 3.170774221420288 4.443059921264648
GaSr 1 3.170774221420288 4.356884002685547
GaSr 1 3.170774221420288 4.443059921264648
GaSr 1 3.00630259513855 4.356884002685547
GaSr 1 3.00630259513855 4.356884002685547
GaSr 1 3.00630259513855 4.356884002685547
GaSr 1 3.00630259513855 4.356884002685547
GaSr 1 3.00630259513855 4.356884002685547
GaSr 1 3.00630259513855 4.356884002685547
GaSr 2 4.7208967208862305 4.7209086418151855
GaSr 2 4.7208967208862305 4.7209086418151855
GaSr 2 4.7208967208862305 4.7209086418151855
GaSr 2 4.7208967208862305 4.7209086418151855
GaSr 2 4.7208967208862305 4.7209086418151855
GaSr 2 4.7208967208862305 4.7209086418151855
GaSr 2 4.443059921264648 4.7209086418151855
GaSr 2 4.443059921264648 4.7209086418151855
GaSr 2 4.356884002685547 4.4962029457092285
GaSr 2 4.356884002685547 4.4962029457092285
GaSr 2 4.356884002685547 4.4962029457092285
GaSr 2 4.356884002685547 4.4962029457092285
GaSr 2 4.356884002685547 4.4962029457092285
GaSr 2 4.356884002685547 4.4962029457092285
GaGa 0 0.0 1.654792070388794
GaGa 0 0.0 1.654792070388794
GaGa 0 0.0 1.654792070388794
GaGa 0 0.0 1.654792070388794
GaGa 0 0.0 1.654792070388794
GaGa 0 0.0 1.654792070388794
GaGa 0 0.0 1.654792070388794
GaGa 0 0.0 1.654792070388794
GaGa 0 0.0 1.654792070388794
GaGa 0 0.0 1.654792070388794
GaGa 0 0.0 1.654792070388794
GaGa 0 0.0 1.654792070388794
GaGa 0 0.0 1.654792070388794
GaGa 0 0.0 1.654792070388794
GaGa 0 0.0 1.654792070388794
GaGa 0 0.0 1.654792070388794
GaGa 0 0.0 2.9238457679748535
GaGa 0 0.0 2.9238457679748535
GaGa 0 0.0 2.9238457679748535
GaGa 0 0.0 2.9238457679748535
GaGa 0 0.0 2.9238457679748535
GaGa 0 0.0 2.9238457679748535
GaGa 0 0.0 2.9238457679748535
GaGa 0 0.0 2.9238457679748535
GaGa 0 0.0 2.9238457679748535
GaGa 0 0.0 2.9238457679748535
GaGa 0 0.0 2.9238457679748535
GaGa 0 0.0 2.9238457679748535
GaGa 0 0.0 3.170774221420288
GaGa 0 0.0 3.170774221420288
GaGa 0 0.0 3.170774221420288
GaGa 0 0.0 3.170774221420288
GaGa 0 0.0 4.356884002685547
GaGa 0 0.0 4.356884002685547
GaGa 0 0.0 4.356884002685547
GaGa 0 0.0 4.356884002685547
GaGa 0 0.0 4.356884002685547
GaGa 0 0.0 4.356884002685547
GaGa 0 0.0 4.356884002685547
GaGa 0 0.0 4.356884002685547
GaGa 0 0.0 4.356884002685547
GaGa 0 0.0 4.8240227699279785
GaGa 0 0.0 4.8240227699279785
GaGa 0 0.0 inf
GaGa 1 4.8240227699279785 6.500279426574707
GaGa 1 4.8240227699279785 6.500279426574707
GaGa 1 4.8240227699279785 6.500279426574707
GaGa 1 4.8240227699279785 6.500279426574707
GaGa 1 4.8240227699279785 5.099954605102539
GaGa 1 4.8240227699279785 5.099954605102539
GaGa 1 4.8240227699279785 5.099954605102539
GaGa 1 4.8240227699279785 5.099954605102539
GaGa 1 4.8240227699279785 5.099954605102539
GaGa 1 4.8240227699279785 5.099954605102539
GaGa 1 4.8240227699279785 5.099954605102539
GaGa 1 4.8240227699279785 5.099954605102539
GaGa 1 4.8240227699279785 5.099954605102539
GaGa 1 4.8240227699279785 5.099954605102539
GaGa 1 4.8240227699279785 5.640928268432617
GaGa 1 4.8240227699279785 5.640928268432617
GaGa 1 4.8240227699279785 5.640928268432617
GaGa 1 4.8240227699279785 5.640928268432617
GaGa 1 4.8240227699279785 5.7727813720703125
GaGa 1 4.8240227699279785 5.7727813720703125
GaGa 1 4.8240227699279785 5.640928268432617
GaGa 1 4.8240227699279785 5.640928268432617
GaGa 1 3.170774221420288 4.356884002685547
GaGa 1 3.170774221420288 4.356884002685547
GaGa 1 3.170774221420288 4.356884002685547
GaGa 1 3.170774221420288 4.356884002685547
GaGa 1 3.170774221420288 4.356884002685547
GaGa 2 6.500279426574707 6.500279903411865
GaGa 2 6.500279426574707 6.500279903411865
GaGa 2 6.500279426574707 6.500279903411865
GaGa 2 6.500279426574707 6.500279903411865
GaGa 2 5.7727813720703125 6.500279426574707
GaGa 2 5.7727813720703125 6.500279426574707
GaGa 2 5.7727813720703125 6.500279426574707
GaGa 2 5.7727813720703125 6.500279426574707
GaGa 2 4.356884002685547 4.4962029457092285
GaGa 2 4.356884002685547 4.4962029457092285
GaGa 2 4.356884002685547 4.4962029457092285
GaGa 2 4.356884002685547 4.4962029457092285
GaGa 2 4.356884002685547 4.4962029457092285
GaSr 0 0.0 1.654792070388794
GaSr 0 0.0 1.654792070388794
GaSr 0 0.0 1.654792070388794
GaSr 0 0.0 1.654792070388794
GaSr 0 0.0 1.654792070388794
GaSr 0 0.0 1.654792070388794
GaSr 0 0.0 1.654792070388794
GaSr 0 0.0 1.654792070388794
GaSr 0 0.0 1.654792070388794
GaSr 0 0.0 1.654792070388794
GaSr 0 0.0 1.654792070388794
GaSr 0 0.0 1.654792070388794
GaSr 0 0.0 1.654792070388794
GaSr 0 0.0 1.654792070388794
GaSr 0 0.0 1.654792070388794
GaSr 0 0.0 1.654792070388794
GaSr 0 0.0 1.654792070388794
GaSr 0 0.0 1.654792070388794
GaSr 0 0.0 1.654792070388794
GaSr 0 0.0 1.654792070388794
GaSr 0 0.0 1.654792070388794
GaSr 0 0.0 1.654792070388794
GaSr 0 0.0 2.2232091426849365
GaSr 0 0.0 2.2232091426849365
GaSr 0 0.0 2.2232091426849365
GaSr 0 0.0 2.2232091426849365
GaSr 0 0.0 2.2232091426849365
GaSr 0 0.0 2.2232091426849365
GaSr 0 0.0 2.2232091426849365
GaSr 0 0.0 2.2232091426849365
GaSr 0 0.0 2.2232091426849365
GaSr 0 0.0 2.2232091426849365
GaSr 0 0.0 2.2232091426849365
GaSr 0 0.0 2.2232091426849365
GaSr 0 0.0 2.2232091426849365
GaSr 0 0.0 2.2232091426849365
GaSr 0 0.0 2.2232091426849365
GaSr 0 0.0 2.2232091426849365
GaSr 0 0.0 2.2232091426849365
GaSr 0 0.0 2.2232091426849365
GaSr 0 0.0 2.2232091426849365
GaSr 0 0.0 2.8995208740234375
GaSr 0 0.0 2.8995208740234375
GaSr 0 0.0 2.8995208740234375
GaSr 0 0.0 2.8995208740234375
GaSr 0 0.0 2.8995208740234375
GaSr 0 0.0 2.8995208740234375
GaSr 0 0.0 2.8995208740234375
GaSr 0 0.0 2.8995208740234375
GaSr 0 0.0 2.8995208740234375
GaSr 0 0.0 2.8995208740234375
GaSr 0 0.0 2.8995208740234375
GaSr 0 0.0 2.8995208740234375
GaSr 0 0.0 2.8995208740234375
GaSr 0 0.0 2.8995208740234375
GaSr 0 0.0 2.8995208740234375
GaSr 0 0.0 2.8995208740234375
GaSr 0 0.0 2.8995208740234375
GaSr 0 0.0 2.9238457679748535
GaSr 0 0.0 2.9238457679748535
GaSr 0 0.0 3.00630259513855
GaSr 0 0.0 3.00630259513855
GaSr 0 0.0 3.00630259513855
GaSr 0 0.0 3.00630259513855
GaSr 0 0.0 3.00630259513855
GaSr 0 0.0 3.00630259513855
GaSr 0 0.0 3.170774221420288
GaSr 0 0.0 3.170774221420288
GaSr 0 0.0 3.170774221420288
GaSr 0 0.0 3.9554500579833984
GaSr 0 0.0 4.356884002685547
GaSr 0 0.0 inf
GaSr 1 4.265169143676758 4.356884002685547
GaSr 1 4.186643600463867 4.356884002685547
GaSr 1 3.5358755588531494 4.356884002685547
GaSr 1 3.5358755588531494 4.356884002685547
GaSr 1 3.170774221420288 4.356884002685547
GaSr 1 3.170774221420288 4.356884002685547
GaSr 1 3.170774221420288 4.356884002685547
GaSr 1 3.170774221420288 4.443059921264648
GaSr 1 3.170774221420288 4.356884002685547
GaSr 1 3.170774221420288 4.443059921264648
GaSr 1 3.170774221420288 4.356884002685547
GaSr 1 3.170774221420288 4.356884002685547
GaSr 1 3.170774221420288 4.356884002685547
GaSr 1 3.170774221420288 4.356884002685547
GaSr 1 3.170774221420288 4.356884002685547
GaSr 1 3.170774221420288 4.356884002685547
GaSr 1 3.170774221420288 4.443059921264648
GaSr 1 3.170774221420288 4.443059921264648
GaSr 1 3.00630259513855 4.356884002685547
GaSr 1 3.00630259513855 4.356884002685547
GaSr 1 3.00630259513855 4.356884002685547
GaSr 1 3.00630259513855 4.356884002685547
GaSr 1 3.00630259513855 4.356884002685547
GaSr 1 3.00630259513855 4.356884002685547
GaSr 1 3.00630259513855 4.356884002685547
GaSr 1 3.00630259513855 4.356884002685547
GaSr 1 3.00630259513855 4.356884002685547
GaSr 1 3.00630259513855 4.356884002685547
GaSr 2 4.7208967208862305 4.7209086418151855
GaSr 2 4.7208967208862305 4.7209086418151855
GaSr 2 4.650073528289795 4.819305896759033
GaSr 2 4.443059921264648 4.7209086418151855
GaSr 2 4.443059921264648 4.7209086418151855
GaSr 2 4.443059921264648 4.7209086418151855
GaSr 2 4.443059921264648 4.7209086418151855
GaSr 2 4.443059921264648 4.7209086418151855
GaSr 2 4.443059921264648 4.7209086418151855
GaSr 2 4.356884002685547 4.694964408874512
GaSr 2 4.356884002685547 4.4962029457092285
GaSr 2 4.356884002685547 4.4962029457092285
GaSr 2 4.356884002685547 4.4962029457092285
GaSr 2 4.356884002685547 4.4962029457092285
GaSr 2 4.356884002685547 4.4962029457092285
GaSr 2 4.356884002685547 4.4962029457092285
GaSr 2 4.356884002685547 4.4962029457092285
GaSr 2 4.356884002685547 4.4962029457092285
GaSr 2 4.356884002685547 4.4962029457092285
GaSr 2 4.356884002685547 4.4962029457092285
GaGa 0 0.0 1.654792070388794
GaGa 0 0.0 1.654792070388794
GaGa 0 0.0 1.654792070388794
GaGa 0 0.0 1.654792070388794
GaGa 0 0.0 1.654792070388794
GaGa 0 0.0 1.654792070388794
GaGa 0 0.0 1.654792070388794
GaGa 0 0.0 1.654792070388794
GaGa 0 0.0 1.654792070388794
GaGa 0 0.0 1.654792070388794
GaGa 0 0.0 1.654792070388794
GaGa 0 0.0 1.654792070388794
GaGa 0 0.0 1.654792070388794
GaGa 0 0.0 1.654792070388794
GaGa 0 0.0 1.654792070388794
GaGa 0 0.0 1.654792070388794
GaGa 0 0.0 1.654792070388794
GaGa 0 0.0 1.654792070388794
GaGa 0 0.0 1.654792070388794
GaGa 0 0.0 1.654792070388794
GaGa 0 0.0 1.654792070388794
GaGa 0 0.0 1.654792070388794
GaGa 0 0.0 2.9238457679748535
GaGa 0 0.0 2.9238457679748535
GaGa 0 0.0 2.9238457679748535
GaGa 0 0.0 2.9238457679748535
GaGa 0 0.0 2.9238457679748535
GaGa 0 0.0 2.9238457679748535
GaGa 0 0.0 2.9238457679748535
GaGa 0 0.0 2.9238457679748535
GaGa 0 0.0 2.9238457679748535
GaGa 0 0.0 2.9238457679748535
GaGa 0 0.0 2.9238457679748535
GaGa 0 0.0 2.9238457679748535
GaGa 0 0.0 2.9238457679748535
GaGa 0 0.0 2.9238457679748535
GaGa 0 0.0 2.9238457679748535
GaGa 0 0.0 2.9238457679748535
GaGa 0 0.0 2.9238457679748535
GaGa 0 0.0 3.170774221420288
GaGa 0 0.0 3.170774221420288
GaGa 0 0.0 3.170774221420288
GaGa 0 0.0 3.170774221420288
GaGa 0 0.0 3.170774221420288
GaGa 0 0.0 3.170774221420288
GaGa 0 0.0 3.170774221420288
GaGa 0 0.0 4.356884002685547
GaGa 0 0.0 4.356884002685547
GaGa 0 0.0 4.8240227699279785
GaGa 0 0.0 4.8240227699279785
GaGa 0 0.0 inf
GaGa 1 4.8240227699279785 5.099954605102539
GaGa 1 4.8240227699279785 5.099954605102539
GaGa 1 4.8240227699279785 5.099954605102539
GaGa 1 4.8240227699279785 5.099954605102539
GaGa 1 4.8240227699279785 5.099954605102539
GaGa 1 4.8240227699279785 5.099954605102539
GaGa 1 4.8240227699279785 5.099954605102539
GaGa 1 4.8240227699279785 5.099954605102539
GaGa 1 4.8240227699279785 5.099954605102539
GaGa 1 4.8240227699279785 5.099954605102539
GaGa 1 4.8240227699279785 5.640928268432617
GaGa 1 4.8240227699279785 5.640928268432617
GaGa 1 4.8240227699279785 5.099954605102539
GaGa 1 4.8240227699279785 5.099954605102539
GaGa 1 4.8240227699279785 5.099954605102539
GaGa 1 4.8240227699279785 5.099954605102539
GaGa 1 4.8240227699279785 5.640928268432617
GaGa 1 4.8240227699279785 5.640928268432617
GaGa 1 4.8240227699279785 5.7727813720703125
GaGa 1 4.8240227699279785 5.7727813720703125
GaGa 1 4.8240227699279785 5.640928268432617
GaGa 1 4.8240227699279785 5.640928268432617
GaGa 1 4.8240227699279785 5.640928268432617
GaGa 1 4.8240227699279785 5.640928268432617
GaGa 1 4.8240227699279785 5.7727813720703125
GaGa 1 4.8240227699279785 5.7727813720703125
GaGa 1 4.8240227699279785 5.640928268432617
GaGa 1 4.8240227699279785 5.640928268432617
GaGa 1 3.170774221420288 4.356884002685547
GaGa 1 3.170774221420288 4.356884002685547
GaGa 1 3.170774221420288 4.356884002685547
GaGa 1 3.170774221420288 4.356884002685547
GaGa 1 3.170774221420288 4.356884002685547
GaGa 1 3.170774221420288 4.356884002685547
GaGa 1 3.170774221420288 4.356884002685547
GaGa 1 3.170774221420288 4.356884002685547
GaGa 1 3.170774221420288 4.356884002685547
GaGa 1 3.170774221420288 4.356884002685547
GaGa 2 5.7727813720703125 6.500279426574707
GaGa 2 5.7727813720703125 6.500279426574707
GaGa 2 5.7727813720703125 6.500279426574707
GaGa 2 5.7727813720703125 6.500279426574707
GaGa 2 5.7727813720703125 6.500279426574707
GaGa 2 5.7727813720703125 6.500279426574707
GaGa 2 5.7727813720703125 6.500279426574707
GaGa 2 5.7727813720703125 6.500279426574707
GaGa 2 4.356884002685547 4.4962029457092285
GaGa 2 4.356884002685547 4.4962029457092285
GaGa 2 4.356884002685547 4.4962029457092285
GaGa 2 4.356884002685547 4.4962029457092285
GaGa 2 4.356884002685547 4.4962029457092285
GaGa 2 4.356884002685547 4.4962029457092285
GaGa 2 4.356884002685547 4.4962029457092285
GaGa 2 4.356884002685547 4.4962029457092285
GaGa 2 4.356884002685547 4.4962029457092285
GaGa 2 4.356884002685547 4.4962029457092285
