KK 0 0.0 4.76837158203125e-07
KK 0 0.0 2.9166951179504395
KK 0 0.0 4.014358997344971
KK 0 0.0 6.015504360198975
KK 0 0.0 6.015504360198975
KK 0 0.0 6.358846187591553
KK 0 0.0 6.358846187591553
KK 0 0.0 inf
KK 1 6.358846187591553 6.617722988128662
KGa 0 0.0 4.76837158203125e-07
KGa 0 0.0 2.9166951179504395
KGa 0 0.0 4.014358997344971
KGa 0 0.0 6.015504360198975
KGa 0 0.0 6.015504360198975
KGa 0 0.0 6.358846187591553
KGa 0 0.0 6.358846187591553
KGa 0 0.0 7.400559425354004
KGa 0 0.0 inf
KGa 1 6.358846187591553 6.617722988128662
KK 0 0.0 1.282823920249939
KK 0 0.0 6.358846187591553
KK 0 0.0 6.358846187591553
KK 0 0.0 6.358846187591553
KK 0 0.0 6.358846187591553
KK 0 0.0 inf
KGa 0 0.0 1.282823920249939
KGa 0 0.0 6.358846187591553
KGa 0 0.0 6.358846187591553
KGa 0 0.0 6.358846187591553
KGa 0 0.0 6.358846187591553
KGa 0 0.0 inf
KK 0 0.0 6.358846187591553
KK 0 0.0 6.358846187591553
KK 0 0.0 6.358846187591553
KK 0 0.0 6.358846187591553
KK 0 0.0 inf
KGa 0 0.0 6.358846187591553
KGa 0 0.0 6.358846187591553
KGa 0 0.0 6.358846187591553
KGa 0 0.0 6.358846187591553
KGa 0 0.0 inf
GaK 0 0.0 3.0657413005828857
GaK 0 0.0 3.154453754425049
GaK 0 0.0 3.154453754425049
GaK 0 0.0 3.154453754425049
GaK 0 0.0 4.192319393157959
GaK 0 0.0 4.192319393157959
GaK 0 0.0 4.192319393157959
GaK 0 0.0 4.192723751068115
GaK 0 0.0 4.192723751068115
GaK 0 0.0 4.265383243560791
GaK 0 0.0 4.9765191078186035
GaK 0 0.0 4.999705791473389
GaK 0 0.0 6.190616130828857
GaK 0 0.0 inf
GaK 1 6.207047462463379 6.358846187591553
GaK 1 6.207047462463379 6.358846187591553
GaK 1 5.232194423675537 7.237747669219971
GaK 1 4.999705791473389 5.238458156585693
GaGa 0 0.0 3.0657413005828857
GaGa 0 0.0 3.154453754425049
GaGa 0 0.0 3.154453754425049
GaGa 0 0.0 3.154453754425049
GaGa 0 0.0 4.192319393157959
GaGa 0 0.0 4.192319393157959
GaGa 0 0.0 4.192319393157959
GaGa 0 0.0 4.192723751068115
GaGa 0 0.0 4.192723751068115
GaGa 0 0.0 4.265383243560791
GaGa 0 0.0 4.9765191078186035
GaGa 0 0.0 4.999705791473389
GaGa 0 0.0 6.190616130828857
GaGa 0 0.0 inf
GaGa 1 6.207047462463379 6.358846187591553
GaGa 1 6.207047462463379 6.358846187591553
GaGa 1 5.232194423675537 7.237747669219971
GaGa 1 4.999705791473389 5.238458156585693
GaK 0 0.0 1.3486991292666062e-06
GaK 0 0.0 4.226822376251221
GaK 0 0.0 6.23032283782959
GaK 0 0.0 6.358846187591553
GaK 0 0.0 6.358846187591553
GaK 0 0.0 6.358846187591553
GaK 0 0.0 inf
GaK 1 6.358846187591553 7.118671417236328
GaGa 0 0.0 1.3486991292666062e-06
GaGa 0 0.0 4.226822376251221
GaGa 0 0.0 6.23032283782959
GaGa 0 0.0 6.358846187591553
GaGa 0 0.0 6.358846187591553
GaGa 0 0.0 6.358846187591553
GaGa 0 0.0 inf
GaGa 1 6.358846187591553 7.118671417236328
GaK 0 0.0 0.8409991264343262
GaK 0 0.0 2.2844812870025635
GaK 0 0.0 3.0657413005828857
GaK 0 0.0 3.0657413005828857
GaK 0 0.0 3.466423273086548
GaK 0 0.0 4.7201080322265625
GaK 0 0.0 4.9765191078186035
GaK 0 0.0 6.156936168670654
GaK 0 0.0 6.195329666137695
GaK 0 0.0 6.358846187591553
GaK 0 0.0 6.358846187591553
GaK 0 0.0 inf
GaK 1 7.409548282623291 7.517791271209717
GaK 1 6.358846187591553 6.943912029266357
GaK 1 6.190616130828857 6.635903835296631
GaGa 0 0.0 0.8409991264343262
GaGa 0 0.0 2.2844812870025635
GaGa 0 0.0 3.0657413005828857
GaGa 0 0.0 3.0657413005828857
GaGa 0 0.0 3.466423273086548
GaGa 0 0.0 4.7201080322265625
GaGa 0 0.0 4.9765191078186035
GaGa 0 0.0 6.156936168670654
GaGa 0 0.0 6.195329666137695
GaGa 0 0.0 6.358846187591553
GaGa 0 0.0 6.358846187591553
GaGa 0 0.0 inf
GaGa 1 7.409548282623291 7.517791271209717
GaGa 1 6.358846187591553 6.943912029266357
GaGa 1 6.190616130828857 6.635903835296631
GaK 0 0.0 3.9325714111328125
GaK 0 0.0 3.9325714111328125
GaK 0 0.0 3.9325714111328125
GaK 0 0.0 4.133222579956055
GaK 0 0.0 4.133222579956055
GaK 0 0.0 4.133222579956055
GaK 0 0.0 5.652947425842285
GaK 0 0.0 6.358846187591553
GaK 0 0.0 6.358846187591553
GaK 0 0.0 inf
GaK 1 6.358846187591553 6.635199069976807
GaK 1 6.358846187591553 6.7560553550720215
GaGa 0 0.0 3.9325714111328125
GaGa 0 0.0 3.9325714111328125
GaGa 0 0.0 3.9325714111328125
GaGa 0 0.0 4.133222579956055
GaGa 0 0.0 4.133222579956055
GaGa 0 0.0 4.133222579956055
GaGa 0 0.0 5.652947425842285
GaGa 0 0.0 6.358846187591553
GaGa 0 0.0 6.358846187591553
GaGa 0 0.0 inf
GaGa 1 6.358846187591553 6.635199069976807
GaGa 1 6.358846187591553 6.7560553550720215
GaK 0 0.0 3.5131444931030273
GaK 0 0.0 4.192319393157959
GaK 0 0.0 5.288482666015625
GaK 0 0.0 5.30009651184082
GaK 0 0.0 5.47384786605835
GaK 0 0.0 6.207047462463379
GaK 0 0.0 6.358846187591553
GaK 0 0.0 6.358846187591553
GaK 0 0.0 inf
GaK 1 6.358846187591553 6.793555736541748
GaGa 0 0.0 4.192319393157959
GaGa 0 0.0 5.288482666015625
GaGa 0 0.0 6.207047462463379
GaGa 0 0.0 6.358846187591553
GaGa 0 0.0 6.358846187591553
GaGa 0 0.0 6.358846187591553
GaGa 0 0.0 inf
GaGa 1 6.358846187591553 6.793555736541748
GaK 0 0.0 2.4510128498077393
GaK 0 0.0 2.4510128498077393
GaK 0 0.0 2.4510128498077393
GaK 0 0.0 4.226822376251221
GaK 0 0.0 4.226822376251221
GaK 0 0.0 6.23032283782959
GaK 0 0.0 6.23032283782959
GaK 0 0.0 7.248603343963623
GaK 0 0.0 inf
GaGa 0 0.0 2.4510128498077393
GaGa 0 0.0 2.4510128498077393
GaGa 0 0.0 2.4510128498077393
GaGa 0 0.0 4.226822376251221
GaGa 0 0.0 4.226822376251221
GaGa 0 0.0 6.23032283782959
GaGa 0 0.0 6.23032283782959
GaGa 0 0.0 7.248603343963623
GaGa 0 0.0 inf
GaK 0 0.0 3.4153714179992676
GaK 0 0.0 3.6443161964416504
GaK 0 0.0 3.6443161964416504
GaK 0 0.0 6.358846187591553
GaK 0 0.0 6.358846187591553
GaK 0 0.0 6.358846187591553
GaK 0 0.0 6.358846187591553
GaK 0 0.0 6.666358470916748
GaK 0 0.0 inf
GaK 1 6.666358470916748 6.859821796417236
GaK 1 6.358846187591553 7.148366451263428
GaGa 0 0.0 3.4153714179992676
GaGa 0 0.0 3.6443161964416504
GaGa 0 0.0 3.6443161964416504
GaGa 0 0.0 6.358846187591553
GaGa 0 0.0 6.358846187591553
GaGa 0 0.0 6.358846187591553
GaGa 0 0.0 6.358846187591553
GaGa 0 0.0 6.666358470916748
GaGa 0 0.0 inf
GaGa 1 6.666358470916748 6.859821796417236
GaGa 1 6.358846187591553 7.148366451263428
GaK 0 0.0 2.9926156997680664
GaK 0 0.0 4.999705791473389
GaK 0 0.0 5.232194423675537
GaK 0 0.0 5.846316337585449
GaK 0 0.0 6.358846187591553
GaK 0 0.0 6.358846187591553
GaK 0 0.0 inf
GaGa 0 0.0 4.999705791473389
GaGa 0 0.0 5.232194423675537
GaGa 0 0.0 5.846316337585449
GaGa 0 0.0 6.358846187591553
GaGa 0 0.0 6.358846187591553
GaGa 0 0.0 inf
GaK 0 0.0 2.2844812870025635
GaK 0 0.0 3.9325714111328125
GaK 0 0.0 4.133222579956055
GaK 0 0.0 4.1343889236450195
GaK 0 0.0 6.038567066192627
GaK 0 0.0 6.358846187591553
GaK 0 0.0 6.358846187591553
GaK 0 0.0 inf
GaK 1 6.358846187591553 6.635903835296631
GaGa 0 0.0 2.2844812870025635
GaGa 0 0.0 3.9325714111328125
GaGa 0 0.0 4.133222579956055
GaGa 0 0.0 4.1343889236450195
GaGa 0 0.0 6.038567066192627
GaGa 0 0.0 6.358846187591553
GaGa 0 0.0 6.358846187591553
GaGa 0 0.0 inf
GaGa 1 6.358846187591553 6.635903835296631
