ThTh 0 0.0 4.1843719482421875
ThTh 0 0.0 4.1843719482421875
ThTh 0 0.0 4.1843719482421875
ThTh 0 0.0 4.1843719482421875
ThTh 0 0.0 4.1843719482421875
ThTh 0 0.0 4.1843719482421875
ThTh 0 0.0 4.1843719482421875
ThTh 0 0.0 4.1843719482421875
ThTh 0 0.0 4.1843719482421875
ThTh 0 0.0 4.1843719482421875
ThTh 0 0.0 4.1843719482421875
ThTh 0 0.0 4.1843719482421875
ThTh 0 0.0 4.1843719482421875
ThTh 0 0.0 4.1843719482421875
ThTh 0 0.0 4.4630022048950195
ThTh 0 0.0 4.4630022048950195
ThTh 0 0.0 4.4630022048950195
ThTh 0 0.0 4.4630022048950195
ThTh 0 0.0 6.146101474761963
ThTh 0 0.0 6.146101474761963
ThTh 0 0.0 inf
ThTh 1 6.146101474761963 7.4352898597717285
ThTh 1 6.146101474761963 7.4352898597717285
ThTh 1 6.146101474761963 7.4352898597717285
ThTh 1 6.146101474761963 7.4352898597717285
ThTh 1 4.4630022048950195 6.117790222167969
ThTh 1 4.4630022048950195 6.117790222167969
ThTh 1 4.4630022048950195 6.117790222167969
ThTh 1 4.4630022048950195 6.117790222167969
ThTh 1 4.4630022048950195 6.117790222167969
ThTh 1 4.4630022048950195 6.117790222167969
ThTh 1 4.4630022048950195 6.117790222167969
ThTh 1 4.4630022048950195 6.117790222167969
ThAl 0 0.0 1.3191349506378174
ThAl 0 0.0 1.3191349506378174
ThAl 0 0.0 1.3191349506378174
ThAl 0 0.0 1.3191349506378174
ThAl 0 0.0 1.3191349506378174
ThAl 0 0.0 1.3191349506378174
ThAl 0 0.0 1.3191349506378174
ThAl 0 0.0 1.3191349506378174
ThAl 0 0.0 1.3191349506378174
ThAl 0 0.0 1.3191349506378174
ThAl 0 0.0 1.3191349506378174
ThAl 0 0.0 4.1843719482421875
ThAl 0 0.0 4.1843719482421875
ThAl 0 0.0 4.1843719482421875
ThAl 0 0.0 4.1843719482421875
ThAl 0 0.0 4.1843719482421875
ThAl 0 0.0 4.1843719482421875
ThAl 0 0.0 4.1843719482421875
ThAl 0 0.0 4.1843719482421875
ThAl 0 0.0 4.1843719482421875
ThAl 0 0.0 4.1843719482421875
ThAl 0 0.0 4.1843719482421875
ThAl 0 0.0 4.1843719482421875
ThAl 0 0.0 4.1843719482421875
ThAl 0 0.0 4.1843719482421875
ThAl 0 0.0 4.332119941711426
ThAl 0 0.0 4.332119941711426
ThAl 0 0.0 4.332119941711426
ThAl 0 0.0 4.332119941711426
ThAl 0 0.0 4.839738368988037
ThAl 0 0.0 4.839738368988037
ThAl 0 0.0 inf
ThAl 1 4.839738368988037 5.12974739074707
ThAl 1 4.839738368988037 5.12974739074707
ThAl 1 4.839738368988037 5.12974739074707
ThAl 1 4.839738368988037 6.397815227508545
ThAl 1 4.839738368988037 6.397815227508545
ThAl 1 4.839738368988037 6.397815227508545
ThAl 1 4.839738368988037 6.397815227508545
ThAl 1 4.4630022048950195 6.022975444793701
ThAl 1 4.4630022048950195 6.022975444793701
ThAl 1 4.332119941711426 6.022975444793701
ThAl 1 4.332119941711426 6.022975444793701
ThAl 1 4.332119941711426 6.022975444793701
ThAl 1 4.332119941711426 6.022975444793701
ThAl 1 4.332119941711426 6.022975444793701
ThAl 1 4.332119941711426 6.022975444793701
ThAl 1 4.1843719482421875 4.387378215789795
ThAl 1 4.1843719482421875 4.387378215789795
ThAl 1 4.1843719482421875 4.387378215789795
ThAl 1 4.1843719482421875 4.387378215789795
ThAl 1 4.1843719482421875 4.387378215789795
ThAl 1 4.1843719482421875 4.387378215789795
ThAl 2 6.397815227508545 6.619915008544922
ThAl 2 6.397815227508545 6.619915008544922
ThTh 0 0.0 6.743495646333031e-07
ThTh 0 0.0 4.1843719482421875
ThTh 0 0.0 4.1843719482421875
ThTh 0 0.0 4.1843719482421875
ThTh 0 0.0 4.1843719482421875
ThTh 0 0.0 4.1843719482421875
ThTh 0 0.0 4.1843719482421875
ThTh 0 0.0 4.1843719482421875
ThTh 0 0.0 4.1843719482421875
ThTh 0 0.0 4.1843719482421875
ThTh 0 0.0 4.1843719482421875
ThTh 0 0.0 4.1843719482421875
ThTh 0 0.0 4.1843719482421875
ThTh 0 0.0 4.1843719482421875
ThTh 0 0.0 4.1843719482421875
ThTh 0 0.0 4.4630022048950195
ThTh 0 0.0 4.4630022048950195
ThTh 0 0.0 4.4630022048950195
ThTh 0 0.0 4.4630022048950195
ThTh 0 0.0 6.146101474761963
ThTh 0 0.0 6.146101474761963
ThTh 0 0.0 inf
ThTh 1 6.146101474761963 7.4352898597717285
ThTh 1 6.146101474761963 7.4352898597717285
ThTh 1 6.146101474761963 7.4352898597717285
ThTh 1 6.146101474761963 7.4352898597717285
ThTh 1 4.4630022048950195 6.117790222167969
ThTh 1 4.4630022048950195 6.117790222167969
ThTh 1 4.4630022048950195 6.117790222167969
ThTh 1 4.4630022048950195 6.117790222167969
ThTh 1 4.4630022048950195 6.117790222167969
ThTh 1 4.4630022048950195 6.117790222167969
ThTh 1 4.4630022048950195 6.117790222167969
ThTh 1 4.4630022048950195 6.117790222167969
ThAl 0 0.0 6.743495646333031e-07
ThAl 0 0.0 1.3191349506378174
ThAl 0 0.0 1.3191349506378174
ThAl 0 0.0 1.3191349506378174
ThAl 0 0.0 1.3191349506378174
ThAl 0 0.0 4.1843719482421875
ThAl 0 0.0 4.1843719482421875
ThAl 0 0.0 4.1843719482421875
ThAl 0 0.0 4.1843719482421875
ThAl 0 0.0 4.1843719482421875
ThAl 0 0.0 4.1843719482421875
ThAl 0 0.0 4.1843719482421875
ThAl 0 0.0 4.1843719482421875
ThAl 0 0.0 4.1843719482421875
ThAl 0 0.0 4.1843719482421875
ThAl 0 0.0 4.1843719482421875
ThAl 0 0.0 4.1843719482421875
ThAl 0 0.0 4.1843719482421875
ThAl 0 0.0 4.1843719482421875
ThAl 0 0.0 4.332119941711426
ThAl 0 0.0 4.332119941711426
ThAl 0 0.0 4.332119941711426
ThAl 0 0.0 4.4630022048950195
ThAl 0 0.0 4.4630022048950195
ThAl 0 0.0 4.839738368988037
ThAl 0 0.0 4.839738368988037
ThAl 0 0.0 inf
ThAl 1 6.146101474761963 6.397815227508545
ThAl 1 6.146101474761963 6.397815227508545
ThAl 1 4.839738368988037 6.397815227508545
ThAl 1 4.839738368988037 6.397815227508545
ThAl 1 4.4630022048950195 6.117790222167969
ThAl 1 4.4630022048950195 6.117790222167969
ThAl 1 4.4630022048950195 6.117790222167969
ThAl 1 4.4630022048950195 6.117790222167969
ThAl 1 4.4630022048950195 6.022975444793701
ThAl 1 4.4630022048950195 6.022975444793701
ThAl 1 4.332119941711426 6.022975444793701
ThAl 1 4.332119941711426 6.022975444793701
ThAl 1 4.1843719482421875 4.387378215789795
ThAl 1 4.1843719482421875 4.387378215789795
AlTh 0 0.0 4.76837158203125e-07
AlTh 0 0.0 1.3191349506378174
AlTh 0 0.0 1.3191349506378174
AlTh 0 0.0 1.3191349506378174
AlTh 0 0.0 1.3191349506378174
AlTh 0 0.0 2.1683154106140137
AlTh 0 0.0 2.1683154106140137
AlTh 0 0.0 2.1683154106140137
AlTh 0 0.0 2.1683154106140137
AlTh 0 0.0 2.1683154106140137
AlTh 0 0.0 2.1683154106140137
AlTh 0 0.0 2.1683154106140137
AlTh 0 0.0 2.1683154106140137
AlTh 0 0.0 2.1683154106140137
AlTh 0 0.0 2.1683154106140137
AlTh 0 0.0 2.1683154106140137
AlTh 0 0.0 2.1683154106140137
AlTh 0 0.0 2.1683154106140137
AlTh 0 0.0 2.1683154106140137
AlTh 0 0.0 2.1683154106140137
AlTh 0 0.0 2.1683154106140137
AlTh 0 0.0 2.1683154106140137
AlTh 0 0.0 2.1683154106140137
AlTh 0 0.0 2.501652479171753
AlTh 0 0.0 2.501652479171753
AlTh 0 0.0 2.501652479171753
AlTh 0 0.0 2.501652479171753
AlTh 0 0.0 2.501652479171753
AlTh 0 0.0 2.501652479171753
AlTh 0 0.0 2.501652479171753
AlTh 0 0.0 2.501652479171753
AlTh 0 0.0 2.501652479171753
AlTh 0 0.0 2.501652479171753
AlTh 0 0.0 2.501652479171753
AlTh 0 0.0 2.501652479171753
AlTh 0 0.0 2.501652479171753
AlTh 0 0.0 2.501652479171753
AlTh 0 0.0 2.501652479171753
AlTh 0 0.0 2.501652479171753
AlTh 0 0.0 2.501652479171753
AlTh 0 0.0 2.5609257221221924
AlTh 0 0.0 3.932088851928711
AlTh 0 0.0 3.932088851928711
AlTh 0 0.0 3.932088851928711
AlTh 0 0.0 4.1843719482421875
AlTh 0 0.0 4.1843719482421875
AlTh 0 0.0 4.1843719482421875
AlTh 0 0.0 4.1843719482421875
AlTh 0 0.0 4.1843719482421875
AlTh 0 0.0 inf
AlTh 1 5.17734956741333 6.146101474761963
AlTh 1 5.17734956741333 6.146101474761963
AlTh 1 5.17734956741333 6.146101474761963
AlTh 1 5.17734956741333 6.146101474761963
AlTh 1 5.17734956741333 6.146101474761963
AlTh 1 5.17734956741333 5.561635971069336
AlTh 1 5.17734956741333 5.561635971069336
AlTh 1 5.17734956741333 5.561635971069336
AlTh 1 5.17734956741333 6.397815227508545
AlTh 1 5.17734956741333 5.561635971069336
AlTh 1 5.17734956741333 6.397815227508545
AlTh 1 4.839738368988037 5.453634262084961
AlTh 1 4.1843719482421875 4.387378215789795
AlTh 1 4.1843719482421875 4.387378215789795
AlTh 1 4.1843719482421875 4.356879234313965
AlTh 1 4.1843719482421875 4.356879234313965
AlTh 1 4.1843719482421875 4.532005310058594
AlTh 1 4.1843719482421875 4.532005310058594
AlTh 1 4.1843719482421875 4.532005310058594
AlTh 1 4.1843719482421875 4.356879234313965
AlTh 1 4.1843719482421875 4.356879234313965
AlTh 1 4.1843719482421875 4.356879234313965
AlTh 1 4.1843719482421875 4.356879234313965
AlTh 1 4.1843719482421875 4.356879234313965
AlTh 1 4.1843719482421875 4.356879234313965
AlTh 1 4.1843719482421875 4.356879234313965
AlTh 1 4.1843719482421875 4.356879234313965
AlTh 1 4.1843719482421875 4.356879234313965
AlTh 1 4.1843719482421875 4.532005310058594
AlTh 1 4.1843719482421875 4.532005310058594
AlTh 1 4.1843719482421875 4.532005310058594
AlTh 1 4.1843719482421875 4.532005310058594
AlTh 1 4.1843719482421875 4.532005310058594
AlTh 1 4.1843719482421875 4.532005310058594
AlTh 1 4.1843719482421875 4.532005310058594
AlTh 1 4.1843719482421875 5.453634262084961
AlTh 2 6.409816741943359 6.948381423950195
AlTh 2 6.409816741943359 6.948381423950195
AlTh 2 6.409816741943359 6.948381423950195
AlTh 2 6.409816741943359 6.948381423950195
AlTh 2 6.409816741943359 6.724031925201416
AlTh 2 6.146101474761963 6.307586669921875
AlTh 2 6.146101474761963 6.307586669921875
AlTh 2 6.146101474761963 6.307586669921875
AlTh 2 6.146101474761963 6.307586669921875
AlTh 2 6.146101474761963 6.307586669921875
AlAl 0 0.0 4.76837158203125e-07
AlAl 0 0.0 2.1683154106140137
AlAl 0 0.0 2.1683154106140137
AlAl 0 0.0 2.1683154106140137
AlAl 0 0.0 2.1683154106140137
AlAl 0 0.0 2.1683154106140137
AlAl 0 0.0 2.1683154106140137
AlAl 0 0.0 2.1683154106140137
AlAl 0 0.0 2.1683154106140137
AlAl 0 0.0 2.1683154106140137
AlAl 0 0.0 2.1683154106140137
AlAl 0 0.0 2.1683154106140137
AlAl 0 0.0 2.1683154106140137
AlAl 0 0.0 2.1683154106140137
AlAl 0 0.0 2.1683154106140137
AlAl 0 0.0 2.1683154106140137
AlAl 0 0.0 2.1683154106140137
AlAl 0 0.0 2.1683154106140137
AlAl 0 0.0 2.1683154106140137
AlAl 0 0.0 2.501652479171753
AlAl 0 0.0 2.501652479171753
AlAl 0 0.0 2.501652479171753
AlAl 0 0.0 2.501652479171753
AlAl 0 0.0 2.501652479171753
AlAl 0 0.0 2.501652479171753
AlAl 0 0.0 2.501652479171753
AlAl 0 0.0 2.501652479171753
AlAl 0 0.0 2.501652479171753
AlAl 0 0.0 2.501652479171753
AlAl 0 0.0 2.501652479171753
AlAl 0 0.0 2.501652479171753
AlAl 0 0.0 2.501652479171753
AlAl 0 0.0 2.501652479171753
AlAl 0 0.0 2.501652479171753
AlAl 0 0.0 2.501652479171753
AlAl 0 0.0 2.501652479171753
AlAl 0 0.0 4.1843719482421875
AlAl 0 0.0 4.1843719482421875
AlAl 0 0.0 4.1843719482421875
AlAl 0 0.0 4.1843719482421875
AlAl 0 0.0 4.1843719482421875
AlAl 0 0.0 4.1843719482421875
AlAl 0 0.0 5.17734956741333
AlAl 0 0.0 5.17734956741333
AlAl 0 0.0 inf
AlAl 1 5.17734956741333 6.146101474761963
AlAl 1 5.17734956741333 6.146101474761963
AlAl 1 5.17734956741333 6.146101474761963
AlAl 1 5.17734956741333 6.146101474761963
AlAl 1 5.17734956741333 6.146101474761963
AlAl 1 5.17734956741333 6.409816741943359
AlAl 1 5.17734956741333 6.146101474761963
AlAl 1 5.17734956741333 6.146101474761963
AlAl 1 5.17734956741333 6.409816741943359
AlAl 1 5.17734956741333 6.409816741943359
AlAl 1 5.17734956741333 6.409816741943359
AlAl 1 4.1843719482421875 4.356879234313965
AlAl 1 4.1843719482421875 4.356879234313965
AlAl 1 4.1843719482421875 4.532005310058594
AlAl 1 4.1843719482421875 4.532005310058594
AlAl 1 4.1843719482421875 4.532005310058594
AlAl 1 4.1843719482421875 4.356879234313965
AlAl 1 4.1843719482421875 4.356879234313965
AlAl 1 4.1843719482421875 4.356879234313965
AlAl 1 4.1843719482421875 4.356879234313965
AlAl 1 4.1843719482421875 4.356879234313965
AlAl 1 4.1843719482421875 4.356879234313965
AlAl 1 4.1843719482421875 4.356879234313965
AlAl 1 4.1843719482421875 4.356879234313965
AlAl 1 4.1843719482421875 4.356879234313965
AlAl 1 4.1843719482421875 4.532005310058594
AlAl 1 4.1843719482421875 4.532005310058594
AlAl 1 4.1843719482421875 4.532005310058594
AlAl 1 4.1843719482421875 4.532005310058594
AlAl 1 4.1843719482421875 4.532005310058594
AlAl 1 4.1843719482421875 4.532005310058594
AlAl 1 4.1843719482421875 4.532005310058594
AlAl 2 6.409816741943359 6.948381423950195
AlAl 2 6.409816741943359 6.948381423950195
AlAl 2 6.409816741943359 6.948381423950195
AlAl 2 6.409816741943359 6.948381423950195
AlAl 2 6.409816741943359 6.948381423950195
AlAl 2 6.409816741943359 6.948381423950195
AlAl 2 6.146101474761963 6.307586669921875
AlAl 2 6.146101474761963 6.307586669921875
AlAl 2 6.146101474761963 6.307586669921875
AlAl 2 6.146101474761963 6.307586669921875
AlAl 2 6.146101474761963 6.307586669921875
AlAl 2 6.146101474761963 6.307586669921875
AlAl 2 6.146101474761963 6.307586669921875
AlTh 0 0.0 1.3191349506378174
AlTh 0 0.0 1.3191349506378174
AlTh 0 0.0 1.3191349506378174
AlTh 0 0.0 1.3191349506378174
AlTh 0 0.0 1.3191349506378174
AlTh 0 0.0 1.3191349506378174
AlTh 0 0.0 1.3191349506378174
AlTh 0 0.0 1.3191349506378174
AlTh 0 0.0 1.3191349506378174
AlTh 0 0.0 1.3191349506378174
AlTh 0 0.0 1.3191349506378174
AlTh 0 0.0 2.1683154106140137
AlTh 0 0.0 2.1683154106140137
AlTh 0 0.0 2.1683154106140137
AlTh 0 0.0 2.1683154106140137
AlTh 0 0.0 2.1683154106140137
AlTh 0 0.0 2.1683154106140137
AlTh 0 0.0 2.1683154106140137
AlTh 0 0.0 2.1683154106140137
AlTh 0 0.0 2.1683154106140137
AlTh 0 0.0 2.1683154106140137
AlTh 0 0.0 2.1683154106140137
AlTh 0 0.0 2.1683154106140137
AlTh 0 0.0 2.501652479171753
AlTh 0 0.0 2.501652479171753
AlTh 0 0.0 2.501652479171753
AlTh 0 0.0 2.501652479171753
AlTh 0 0.0 2.501652479171753
AlTh 0 0.0 2.501652479171753
AlTh 0 0.0 2.501652479171753
AlTh 0 0.0 2.501652479171753
AlTh 0 0.0 2.501652479171753
AlTh 0 0.0 3.932088851928711
AlTh 0 0.0 3.932088851928711
AlTh 0 0.0 3.932088851928711
AlTh 0 0.0 3.932088851928711
AlTh 0 0.0 4.1843719482421875
AlTh 0 0.0 4.1843719482421875
AlTh 0 0.0 4.1843719482421875
AlTh 0 0.0 4.1843719482421875
AlTh 0 0.0 4.1843719482421875
AlTh 0 0.0 4.1843719482421875
AlTh 0 0.0 4.1843719482421875
AlTh 0 0.0 4.1843719482421875
AlTh 0 0.0 inf
AlTh 1 5.17734956741333 5.561635971069336
AlTh 1 5.17734956741333 5.561635971069336
AlTh 1 5.17734956741333 5.561635971069336
AlTh 1 4.839738368988037 5.12974739074707
AlTh 1 4.839738368988037 5.12974739074707
AlTh 1 4.839738368988037 5.12974739074707
AlTh 1 4.839738368988037 6.016515254974365
AlTh 1 4.839738368988037 6.016515254974365
AlTh 1 4.4630022048950195 5.195709705352783
AlTh 1 4.332119941711426 5.195709705352783
AlTh 1 4.332119941711426 5.195709705352783
AlTh 1 4.332119941711426 5.195709705352783
AlTh 1 4.1843719482421875 4.387378215789795
AlTh 1 4.1843719482421875 4.387378215789795
AlTh 1 4.1843719482421875 4.387378215789795
AlTh 1 4.1843719482421875 4.387378215789795
AlTh 1 4.1843719482421875 4.387378215789795
AlTh 1 4.1843719482421875 4.387378215789795
AlTh 1 4.1843719482421875 4.356879234313965
AlTh 1 4.1843719482421875 4.356879234313965
AlTh 1 4.1843719482421875 4.356879234313965
AlTh 1 4.1843719482421875 4.356879234313965
AlTh 1 4.1843719482421875 4.356879234313965
AlTh 1 4.1843719482421875 4.532005310058594
AlTh 1 4.1843719482421875 4.532005310058594
AlTh 1 4.1843719482421875 4.532005310058594
AlTh 1 4.1843719482421875 4.532005310058594
AlTh 1 4.1843719482421875 5.453634262084961
AlTh 1 4.1843719482421875 5.453634262084961
AlAl 0 0.0 2.1683154106140137
AlAl 0 0.0 2.1683154106140137
AlAl 0 0.0 2.1683154106140137
AlAl 0 0.0 2.1683154106140137
AlAl 0 0.0 2.1683154106140137
AlAl 0 0.0 2.1683154106140137
AlAl 0 0.0 2.1683154106140137
AlAl 0 0.0 2.1683154106140137
AlAl 0 0.0 2.1683154106140137
AlAl 0 0.0 2.1683154106140137
AlAl 0 0.0 2.1683154106140137
AlAl 0 0.0 2.1683154106140137
AlAl 0 0.0 2.501652479171753
AlAl 0 0.0 2.501652479171753
AlAl 0 0.0 2.501652479171753
AlAl 0 0.0 2.501652479171753
AlAl 0 0.0 2.501652479171753
AlAl 0 0.0 2.501652479171753
AlAl 0 0.0 2.501652479171753
AlAl 0 0.0 2.501652479171753
AlAl 0 0.0 2.501652479171753
AlAl 0 0.0 4.1843719482421875
AlAl 0 0.0 4.1843719482421875
AlAl 0 0.0 4.1843719482421875
AlAl 0 0.0 4.1843719482421875
AlAl 0 0.0 4.1843719482421875
AlAl 0 0.0 4.1843719482421875
AlAl 0 0.0 4.1843719482421875
AlAl 0 0.0 4.1843719482421875
AlAl 0 0.0 4.1843719482421875
AlAl 0 0.0 4.1843719482421875
AlAl 0 0.0 5.17734956741333
AlAl 0 0.0 5.17734956741333
AlAl 0 0.0 inf
AlAl 1 6.146101474761963 6.895076274871826
AlAl 1 6.146101474761963 6.895076274871826
AlAl 1 5.17734956741333 6.146101474761963
AlAl 1 5.17734956741333 6.146101474761963
AlAl 1 5.17734956741333 6.146101474761963
AlAl 1 5.17734956741333 6.409816741943359
AlAl 1 5.17734956741333 6.409816741943359
AlAl 1 4.4630022048950195 5.195709705352783
AlAl 1 4.4630022048950195 5.195709705352783
AlAl 1 4.4630022048950195 5.195709705352783
AlAl 1 4.4630022048950195 5.195709705352783
AlAl 1 4.1843719482421875 4.356879234313965
AlAl 1 4.1843719482421875 4.356879234313965
AlAl 1 4.1843719482421875 4.356879234313965
AlAl 1 4.1843719482421875 4.356879234313965
AlAl 1 4.1843719482421875 4.356879234313965
AlAl 1 4.1843719482421875 4.532005310058594
AlAl 1 4.1843719482421875 4.532005310058594
AlAl 1 4.1843719482421875 4.532005310058594
AlAl 1 4.1843719482421875 4.532005310058594
AlAl 2 6.895076274871826 7.4352898597717285
AlAl 2 6.895076274871826 7.4352898597717285
AlAl 2 6.409816741943359 6.948381423950195
AlAl 2 6.409816741943359 6.948381423950195
AlAl 2 6.146101474761963 6.307586669921875
AlAl 2 6.146101474761963 6.307586669921875
AlAl 2 6.146101474761963 6.307586669921875
