MnMn 0 0.0 4.964330673217773
MnMn 0 0.0 4.964330673217773
MnMn 0 0.0 4.964330673217773
MnMn 0 0.0 4.964330673217773
MnMn 0 0.0 4.964330673217773
MnMn 0 0.0 4.964330673217773
MnMn 0 0.0 4.964330673217773
MnMn 0 0.0 4.964330673217773
MnMn 0 0.0 inf
MnMn 1 4.964330673217773 6.460303783416748
MnMn 1 4.964330673217773 6.460303783416748
MnMn 1 4.964330673217773 6.460303783416748
MnMn 1 4.964330673217773 6.460303783416748
MnAl 0 0.0 1.0675989389419556
MnAl 0 0.0 1.0675989389419556
MnAl 0 0.0 1.0675989389419556
MnAl 0 0.0 1.0675989389419556
MnAl 0 0.0 1.0675989389419556
MnAl 0 0.0 1.0675989389419556
MnAl 0 0.0 1.4994792938232422
MnAl 0 0.0 1.4994792938232422
MnAl 0 0.0 1.4994792938232422
MnAl 0 0.0 1.4994792938232422
MnAl 0 0.0 1.4994792938232422
MnAl 0 0.0 1.4994792938232422
MnAl 0 0.0 1.4994792938232422
MnAl 0 0.0 1.7053247690200806
MnAl 0 0.0 1.7053247690200806
MnAl 0 0.0 1.7053247690200806
MnAl 0 0.0 1.7053247690200806
MnAl 0 0.0 1.7053247690200806
MnAl 0 0.0 1.7053247690200806
MnAl 0 0.0 1.7053247690200806
MnAl 0 0.0 1.7053247690200806
MnAl 0 0.0 1.8600788116455078
MnAl 0 0.0 1.8600788116455078
MnAl 0 0.0 1.8600788116455078
MnAl 0 0.0 1.8600788116455078
MnAl 0 0.0 1.8600788116455078
MnAl 0 0.0 1.8600788116455078
MnAl 0 0.0 2.0366954803466797
MnAl 0 0.0 2.0366954803466797
MnAl 0 0.0 2.0366954803466797
MnAl 0 0.0 2.0366954803466797
MnAl 0 0.0 2.0366954803466797
MnAl 0 0.0 2.0366954803466797
MnAl 0 0.0 2.0366954803466797
MnAl 0 0.0 2.0366954803466797
MnAl 0 0.0 2.075575113296509
MnAl 0 0.0 2.075575113296509
MnAl 0 0.0 2.075575113296509
MnAl 0 0.0 2.075575113296509
MnAl 0 0.0 2.075575113296509
MnAl 0 0.0 2.075575113296509
MnAl 0 0.0 2.075575113296509
MnAl 0 0.0 2.597799777984619
MnAl 0 0.0 2.6312575340270996
MnAl 0 0.0 2.6312575340270996
MnAl 0 0.0 2.6312575340270996
MnAl 0 0.0 2.6312575340270996
MnAl 0 0.0 2.6312575340270996
MnAl 0 0.0 2.6312575340270996
MnAl 0 0.0 2.714092969894409
MnAl 0 0.0 2.714092969894409
MnAl 0 0.0 2.714092969894409
MnAl 0 0.0 2.714092969894409
MnAl 0 0.0 2.792771816253662
MnAl 0 0.0 2.792771816253662
MnAl 0 0.0 2.792771816253662
MnAl 0 0.0 2.792771816253662
MnAl 0 0.0 3.190020799636841
MnAl 0 0.0 3.190020799636841
MnAl 0 0.0 3.190020799636841
MnAl 0 0.0 3.190020799636841
MnAl 0 0.0 3.190020799636841
MnAl 0 0.0 3.190020799636841
MnAl 0 0.0 3.190020799636841
MnAl 0 0.0 3.190020799636841
MnAl 0 0.0 3.2940444946289062
MnAl 0 0.0 3.2940444946289062
MnAl 0 0.0 4.081168174743652
MnAl 0 0.0 4.081168174743652
MnAl 0 0.0 inf
MnAl 1 4.964330673217773 5.585951805114746
MnAl 1 4.964330673217773 5.585951805114746
MnAl 1 4.096665382385254 4.335258960723877
MnAl 1 4.096665382385254 4.335258960723877
MnAl 1 4.081168174743652 4.312434196472168
MnAl 1 4.081168174743652 4.312434196472168
MnAl 1 4.081168174743652 4.312434196472168
MnAl 1 4.081168174743652 4.312434196472168
MnAl 1 3.467529773712158 5.585951805114746
MnAl 1 3.302072525024414 3.8199880123138428
MnAl 1 3.2940444946289062 4.964330673217773
MnAl 1 3.2940444946289062 4.964330673217773
MnAl 1 2.792771816253662 3.1012964248657227
MnAl 1 2.792771816253662 3.1012964248657227
MnAl 1 2.792771816253662 3.1012964248657227
MnAl 1 2.792771816253662 3.1012964248657227
MnAl 1 2.792771816253662 2.8585546016693115
MnAl 1 2.792771816253662 2.8585546016693115
MnAl 1 2.792771816253662 2.8585546016693115
MnAl 1 2.792771816253662 2.8585546016693115
MnAl 1 2.792771816253662 2.8585546016693115
MnAl 1 2.792771816253662 2.8585546016693115
MnAl 1 2.714092969894409 3.8199880123138428
MnAl 1 2.714092969894409 3.8199880123138428
MnAl 1 2.714092969894409 3.8199880123138428
MnAl 1 2.714092969894409 3.8199880123138428
MnAl 2 5.90091609954834 6.460303783416748
MnAl 2 4.335258960723877 4.793018817901611
MnAl 2 4.335258960723877 4.793018817901611
MnAl 2 4.335258960723877 4.793018817901611
MnAl 2 4.335258960723877 4.793018817901611
MnMn 0 0.0 4.964330673217773
MnMn 0 0.0 4.964330673217773
MnMn 0 0.0 4.964330673217773
MnMn 0 0.0 4.964330673217773
MnMn 0 0.0 4.964330673217773
MnMn 0 0.0 4.964330673217773
MnMn 0 0.0 4.964330673217773
MnMn 0 0.0 4.964330673217773
MnMn 0 0.0 inf
MnMn 1 4.964330673217773 6.460303783416748
MnMn 1 4.964330673217773 6.460303783416748
MnMn 1 4.964330673217773 6.460303783416748
MnMn 1 4.964330673217773 6.460303783416748
MnAl 0 0.0 1.0675989389419556
MnAl 0 0.0 1.0675989389419556
MnAl 0 0.0 1.4994792938232422
MnAl 0 0.0 1.4994792938232422
MnAl 0 0.0 1.4994792938232422
MnAl 0 0.0 1.4994792938232422
MnAl 0 0.0 1.4994792938232422
MnAl 0 0.0 1.4994792938232422
MnAl 0 0.0 1.4994792938232422
MnAl 0 0.0 1.4994792938232422
MnAl 0 0.0 1.4994792938232422
MnAl 0 0.0 1.4994792938232422
MnAl 0 0.0 1.4994792938232422
MnAl 0 0.0 1.4994792938232422
MnAl 0 0.0 1.4994792938232422
MnAl 0 0.0 2.0366954803466797
MnAl 0 0.0 2.0366954803466797
MnAl 0 0.0 2.0366954803466797
MnAl 0 0.0 2.0366954803466797
MnAl 0 0.0 2.0366954803466797
MnAl 0 0.0 2.0366954803466797
MnAl 0 0.0 2.0366954803466797
MnAl 0 0.0 2.0366954803466797
MnAl 0 0.0 2.0366954803466797
MnAl 0 0.0 2.0366954803466797
MnAl 0 0.0 2.0366954803466797
MnAl 0 0.0 2.0366954803466797
MnAl 0 0.0 2.0366954803466797
MnAl 0 0.0 2.0366954803466797
MnAl 0 0.0 2.0366954803466797
MnAl 0 0.0 2.0366954803466797
MnAl 0 0.0 2.075575113296509
MnAl 0 0.0 2.075575113296509
MnAl 0 0.0 2.075575113296509
MnAl 0 0.0 2.075575113296509
MnAl 0 0.0 2.597799777984619
MnAl 0 0.0 2.597799777984619
MnAl 0 0.0 2.6312575340270996
MnAl 0 0.0 2.6312575340270996
MnAl 0 0.0 2.6312575340270996
MnAl 0 0.0 2.6312575340270996
MnAl 0 0.0 2.6312575340270996
MnAl 0 0.0 2.6312575340270996
MnAl 0 0.0 2.6312575340270996
MnAl 0 0.0 2.6312575340270996
MnAl 0 0.0 2.6312575340270996
MnAl 0 0.0 2.6312575340270996
MnAl 0 0.0 2.6312575340270996
MnAl 0 0.0 2.6312575340270996
MnAl 0 0.0 2.7134783267974854
MnAl 0 0.0 2.7134783267974854
MnAl 0 0.0 2.714092969894409
MnAl 0 0.0 2.714092969894409
MnAl 0 0.0 2.714092969894409
MnAl 0 0.0 2.714092969894409
MnAl 0 0.0 2.714092969894409
MnAl 0 0.0 2.792771816253662
MnAl 0 0.0 2.792771816253662
MnAl 0 0.0 2.792771816253662
MnAl 0 0.0 2.792771816253662
MnAl 0 0.0 2.792771816253662
MnAl 0 0.0 2.792771816253662
MnAl 0 0.0 2.792771816253662
MnAl 0 0.0 2.792771816253662
MnAl 0 0.0 2.792771816253662
MnAl 0 0.0 3.162010669708252
MnAl 0 0.0 3.190020799636841
MnAl 0 0.0 3.190020799636841
MnAl 0 0.0 3.190020799636841
MnAl 0 0.0 3.190020799636841
MnAl 0 0.0 3.190020799636841
MnAl 0 0.0 3.190020799636841
MnAl 0 0.0 inf
MnAl 1 4.964330673217773 5.585951805114746
MnAl 1 4.964330673217773 5.585951805114746
MnAl 1 3.7667605876922607 4.096665382385254
MnAl 1 3.5831048488616943 4.440349102020264
MnAl 1 3.5831048488616943 4.440349102020264
MnAl 1 3.467529773712158 3.8596572875976562
MnAl 1 3.467529773712158 5.585951805114746
MnAl 1 3.467529773712158 4.466135501861572
MnAl 1 3.190020799636841 4.964330673217773
MnAl 1 3.190020799636841 4.964330673217773
MnAl 1 2.957221031188965 4.466135501861572
MnAl 1 2.957221031188965 4.096665382385254
MnAl 1 2.957221031188965 4.096665382385254
MnAl 1 2.792771816253662 4.466135501861572
MnAl 1 2.792771816253662 4.096665382385254
MnAl 1 2.792771816253662 4.096665382385254
MnAl 1 2.792771816253662 4.096665382385254
MnAl 1 2.792771816253662 4.440349102020264
MnAl 1 2.7134783267974854 3.6121177673339844
MnAl 1 2.7134783267974854 3.6121177673339844
MnAl 1 2.075575113296509 2.8236308097839355
MnAl 1 2.075575113296509 2.8236308097839355
MnAl 1 2.075575113296509 2.8236308097839355
MnAl 1 2.075575113296509 2.8236308097839355
MnAl 2 5.585951805114746 5.904843807220459
MnAl 2 4.964330673217773 5.207035064697266
MnAl 2 4.964330673217773 5.207035064697266
MnAl 2 4.466135501861572 5.114177703857422
MnAl 2 4.466135501861572 4.8930583000183105
MnAl 2 4.440349102020264 4.678130626678467
MnAl 2 4.440349102020264 4.678130626678467
MnAl 2 3.7666471004486084 3.874213695526123
AlMn 0 0.0 1.0675989389419556
AlMn 0 0.0 1.0675989389419556
AlMn 0 0.0 1.0675989389419556
AlMn 0 0.0 1.0675989389419556
AlMn 0 0.0 1.0675989389419556
AlMn 0 0.0 1.0675989389419556
AlMn 0 0.0 1.4994792938232422
AlMn 0 0.0 1.7053247690200806
AlMn 0 0.0 1.7053247690200806
AlMn 0 0.0 1.7053247690200806
AlMn 0 0.0 1.8600788116455078
AlMn 0 0.0 1.8600788116455078
AlMn 0 0.0 1.8600788116455078
AlMn 0 0.0 1.8600788116455078
AlMn 0 0.0 1.8600788116455078
AlMn 0 0.0 1.8600788116455078
AlMn 0 0.0 2.0366954803466797
AlMn 0 0.0 2.0366954803466797
AlMn 0 0.0 2.0366954803466797
AlMn 0 0.0 2.0366954803466797
AlMn 0 0.0 2.075575113296509
AlMn 0 0.0 2.075575113296509
AlMn 0 0.0 2.075575113296509
AlMn 0 0.0 2.6312575340270996
AlMn 0 0.0 2.6312575340270996
AlMn 0 0.0 2.714092969894409
AlMn 0 0.0 2.714092969894409
AlMn 0 0.0 2.714092969894409
AlMn 0 0.0 2.792771816253662
AlMn 0 0.0 2.792771816253662
AlMn 0 0.0 2.792771816253662
AlMn 0 0.0 2.7956085205078125
AlMn 0 0.0 2.8236308097839355
AlMn 0 0.0 2.877744436264038
AlMn 0 0.0 2.877744436264038
AlMn 0 0.0 2.877744436264038
AlMn 0 0.0 4.964330673217773
AlMn 0 0.0 7.0759992599487305
AlMn 0 0.0 inf
AlMn 1 7.354792594909668 7.606274127960205
AlMn 1 4.3066725730896 4.964330673217773
AlMn 1 3.4906630516052246 4.678130626678467
AlMn 1 2.8236308097839355 4.793018817901611
AlMn 1 2.8236308097839355 4.793018817901611
AlMn 1 2.792771816253662 2.8585546016693115
AlMn 1 2.792771816253662 2.8585546016693115
AlMn 1 2.792771816253662 2.8585546016693115
AlAl 0 0.0 1.0675989389419556
AlAl 0 0.0 1.0675989389419556
AlAl 0 0.0 1.0675989389419556
AlAl 0 0.0 1.0675989389419556
AlAl 0 0.0 1.0675989389419556
AlAl 0 0.0 1.0675989389419556
AlAl 0 0.0 1.4994792938232422
AlAl 0 0.0 1.8600788116455078
AlAl 0 0.0 1.8600788116455078
AlAl 0 0.0 1.8600788116455078
AlAl 0 0.0 1.8600788116455078
AlAl 0 0.0 1.8600788116455078
AlAl 0 0.0 1.8600788116455078
AlAl 0 0.0 2.075575113296509
AlAl 0 0.0 2.075575113296509
AlAl 0 0.0 2.075575113296509
AlAl 0 0.0 2.6312575340270996
AlAl 0 0.0 2.6312575340270996
AlAl 0 0.0 2.6312575340270996
AlAl 0 0.0 2.6312575340270996
AlAl 0 0.0 2.6312575340270996
AlAl 0 0.0 2.792771816253662
AlAl 0 0.0 2.792771816253662
AlAl 0 0.0 2.792771816253662
AlAl 0 0.0 2.792771816253662
AlAl 0 0.0 2.792771816253662
AlAl 0 0.0 2.792771816253662
AlAl 0 0.0 2.7956085205078125
AlAl 0 0.0 2.877744436264038
AlAl 0 0.0 2.877744436264038
AlAl 0 0.0 2.877744436264038
AlAl 0 0.0 2.877744436264038
AlAl 0 0.0 4.964330673217773
AlAl 0 0.0 7.354792594909668
AlAl 0 0.0 inf
AlAl 1 7.354792594909668 7.606274127960205
AlAl 1 4.3066725730896 4.964330673217773
AlAl 1 3.4906630516052246 4.678130626678467
AlAl 1 2.877744436264038 4.793018817901611
AlAl 1 2.877744436264038 4.793018817901611
AlMn 0 0.0 1.0675989389419556
AlMn 0 0.0 1.0675989389419556
AlMn 0 0.0 1.0675989389419556
AlMn 0 0.0 1.0675989389419556
AlMn 0 0.0 1.0675989389419556
AlMn 0 0.0 1.0675989389419556
AlMn 0 0.0 1.4994792938232422
AlMn 0 0.0 1.4994792938232422
AlMn 0 0.0 1.4994792938232422
AlMn 0 0.0 1.4994792938232422
AlMn 0 0.0 1.4994792938232422
AlMn 0 0.0 1.4994792938232422
AlMn 0 0.0 1.4994792938232422
AlMn 0 0.0 1.4994792938232422
AlMn 0 0.0 1.4994792938232422
AlMn 0 0.0 2.0366954803466797
AlMn 0 0.0 2.0366954803466797
AlMn 0 0.0 2.0366954803466797
AlMn 0 0.0 2.0366954803466797
AlMn 0 0.0 2.0366954803466797
AlMn 0 0.0 2.0366954803466797
AlMn 0 0.0 2.0366954803466797
AlMn 0 0.0 2.0366954803466797
AlMn 0 0.0 2.0366954803466797
AlMn 0 0.0 2.0366954803466797
AlMn 0 0.0 2.0366954803466797
AlMn 0 0.0 2.0366954803466797
AlMn 0 0.0 2.0366954803466797
AlMn 0 0.0 2.0366954803466797
AlMn 0 0.0 2.075575113296509
AlMn 0 0.0 2.075575113296509
AlMn 0 0.0 2.075575113296509
AlMn 0 0.0 2.075575113296509
AlMn 0 0.0 2.075575113296509
AlMn 0 0.0 2.075575113296509
AlMn 0 0.0 2.075575113296509
AlMn 0 0.0 2.075575113296509
AlMn 0 0.0 2.6312575340270996
AlMn 0 0.0 2.6312575340270996
AlMn 0 0.0 2.6312575340270996
AlMn 0 0.0 2.6312575340270996
AlMn 0 0.0 2.714092969894409
AlMn 0 0.0 2.714092969894409
AlMn 0 0.0 2.714092969894409
AlMn 0 0.0 2.714092969894409
AlMn 0 0.0 2.792771816253662
AlMn 0 0.0 2.792771816253662
AlMn 0 0.0 2.8236308097839355
AlMn 0 0.0 2.8236308097839355
AlMn 0 0.0 2.8236308097839355
AlMn 0 0.0 3.162010669708252
AlMn 0 0.0 3.162010669708252
AlMn 0 0.0 3.467529773712158
AlMn 0 0.0 5.207035064697266
AlMn 0 0.0 inf
AlMn 1 5.207035064697266 5.418639659881592
AlMn 1 5.207035064697266 6.255955219268799
AlMn 1 4.793018817901611 4.8930583000183105
AlMn 1 4.440349102020264 4.466135501861572
AlMn 1 4.440349102020264 4.466135501861572
AlMn 1 3.7667605876922607 4.096665382385254
AlMn 1 3.7667605876922607 4.678130626678467
AlMn 1 2.957221031188965 4.096665382385254
AlMn 1 2.957221031188965 4.678130626678467
AlMn 1 2.792771816253662 4.096665382385254
AlMn 1 2.792771816253662 4.096665382385254
AlMn 1 2.075575113296509 2.8236308097839355
AlMn 1 2.075575113296509 2.8236308097839355
AlMn 1 2.075575113296509 2.8236308097839355
AlMn 1 2.075575113296509 2.8236308097839355
AlMn 2 4.440349102020264 4.678130626678467
AlAl 0 0.0 1.0675989389419556
AlAl 0 0.0 1.0675989389419556
AlAl 0 0.0 1.0675989389419556
AlAl 0 0.0 1.0675989389419556
AlAl 0 0.0 1.0675989389419556
AlAl 0 0.0 1.0675989389419556
AlAl 0 0.0 1.4994792938232422
AlAl 0 0.0 1.4994792938232422
AlAl 0 0.0 1.4994792938232422
AlAl 0 0.0 1.4994792938232422
AlAl 0 0.0 1.4994792938232422
AlAl 0 0.0 1.4994792938232422
AlAl 0 0.0 1.4994792938232422
AlAl 0 0.0 1.4994792938232422
AlAl 0 0.0 1.4994792938232422
AlAl 0 0.0 2.075575113296509
AlAl 0 0.0 2.075575113296509
AlAl 0 0.0 2.075575113296509
AlAl 0 0.0 2.075575113296509
AlAl 0 0.0 2.075575113296509
AlAl 0 0.0 2.075575113296509
AlAl 0 0.0 2.075575113296509
AlAl 0 0.0 2.075575113296509
AlAl 0 0.0 2.075575113296509
AlAl 0 0.0 2.075575113296509
AlAl 0 0.0 2.075575113296509
AlAl 0 0.0 2.075575113296509
AlAl 0 0.0 2.6312575340270996
AlAl 0 0.0 2.6312575340270996
AlAl 0 0.0 2.6312575340270996
AlAl 0 0.0 2.6312575340270996
AlAl 0 0.0 2.792771816253662
AlAl 0 0.0 2.792771816253662
AlAl 0 0.0 2.8585546016693115
AlAl 0 0.0 2.8585546016693115
AlAl 0 0.0 2.8585546016693115
AlAl 0 0.0 2.8585546016693115
AlAl 0 0.0 2.8585546016693115
AlAl 0 0.0 2.8585546016693115
AlAl 0 0.0 2.877744436264038
AlAl 0 0.0 2.877744436264038
AlAl 0 0.0 2.877744436264038
AlAl 0 0.0 2.877744436264038
AlAl 0 0.0 3.454528570175171
AlAl 0 0.0 3.454528570175171
AlAl 0 0.0 3.467529773712158
AlAl 0 0.0 5.207035064697266
AlAl 0 0.0 inf
AlAl 1 5.207035064697266 5.418639659881592
AlAl 1 5.207035064697266 6.255955219268799
AlAl 1 4.964330673217773 5.373226642608643
AlAl 1 4.964330673217773 4.99702787399292
AlAl 1 4.964330673217773 4.99702787399292
AlAl 1 4.793018817901611 5.373226642608643
AlAl 1 4.678130626678467 4.9419121742248535
AlAl 1 4.678130626678467 4.704098224639893
AlAl 1 4.289117813110352 4.840234279632568
AlAl 1 3.454528570175171 3.6121177673339844
AlAl 1 3.454528570175171 3.6121177673339844
AlAl 1 2.877744436264038 3.6121177673339844
AlAl 1 2.877744436264038 3.6121177673339844
AlAl 1 2.8585546016693115 3.6121177673339844
AlAl 1 2.8585546016693115 3.6121177673339844
AlAl 1 2.792771816253662 4.678130626678467
AlAl 1 2.792771816253662 4.289117813110352
AlAl 2 4.9419121742248535 5.373226642608643
AlAl 2 4.704098224639893 4.793018817901611
AlAl 2 4.678130626678467 4.793018817901611
AlMn 0 0.0 1.0675989389419556
AlMn 0 0.0 1.4994792938232422
AlMn 0 0.0 1.4994792938232422
AlMn 0 0.0 1.4994792938232422
AlMn 0 0.0 1.4994792938232422
AlMn 0 0.0 1.4994792938232422
AlMn 0 0.0 1.4994792938232422
AlMn 0 0.0 2.0366954803466797
AlMn 0 0.0 2.0366954803466797
AlMn 0 0.0 2.0366954803466797
AlMn 0 0.0 2.0366954803466797
AlMn 0 0.0 2.0366954803466797
AlMn 0 0.0 2.0366954803466797
AlMn 0 0.0 2.075575113296509
AlMn 0 0.0 2.075575113296509
AlMn 0 0.0 2.075575113296509
AlMn 0 0.0 2.597799777984619
AlMn 0 0.0 2.6312575340270996
AlMn 0 0.0 2.6312575340270996
AlMn 0 0.0 2.6312575340270996
AlMn 0 0.0 2.6312575340270996
AlMn 0 0.0 2.6312575340270996
AlMn 0 0.0 2.6312575340270996
AlMn 0 0.0 2.7134783267974854
AlMn 0 0.0 2.7134783267974854
AlMn 0 0.0 2.7134783267974854
AlMn 0 0.0 2.7134783267974854
AlMn 0 0.0 2.7134783267974854
AlMn 0 0.0 2.7134783267974854
AlMn 0 0.0 2.714092969894409
AlMn 0 0.0 2.714092969894409
AlMn 0 0.0 2.714092969894409
AlMn 0 0.0 2.714092969894409
AlMn 0 0.0 2.714092969894409
AlMn 0 0.0 2.714092969894409
AlMn 0 0.0 2.792771816253662
AlMn 0 0.0 2.792771816253662
AlMn 0 0.0 2.792771816253662
AlMn 0 0.0 inf
AlMn 1 2.957221031188965 4.096665382385254
AlMn 1 2.957221031188965 4.096665382385254
AlMn 1 2.957221031188965 4.096665382385254
AlMn 1 2.957221031188965 4.096665382385254
AlMn 1 2.792771816253662 4.466135501861572
AlMn 1 2.792771816253662 4.440349102020264
AlMn 1 2.792771816253662 4.466135501861572
AlMn 1 2.792771816253662 4.440349102020264
AlAl 0 0.0 1.0675989389419556
AlAl 0 0.0 1.4994792938232422
AlAl 0 0.0 1.4994792938232422
AlAl 0 0.0 1.4994792938232422
AlAl 0 0.0 1.4994792938232422
AlAl 0 0.0 1.4994792938232422
AlAl 0 0.0 1.4994792938232422
AlAl 0 0.0 2.075575113296509
AlAl 0 0.0 2.075575113296509
AlAl 0 0.0 2.075575113296509
AlAl 0 0.0 2.6312575340270996
AlAl 0 0.0 2.6312575340270996
AlAl 0 0.0 2.6312575340270996
AlAl 0 0.0 2.6312575340270996
AlAl 0 0.0 2.6312575340270996
AlAl 0 0.0 2.6312575340270996
AlAl 0 0.0 2.7134783267974854
AlAl 0 0.0 2.7134783267974854
AlAl 0 0.0 2.7134783267974854
AlAl 0 0.0 2.7134783267974854
AlAl 0 0.0 2.7134783267974854
AlAl 0 0.0 2.7134783267974854
AlAl 0 0.0 2.792771816253662
AlAl 0 0.0 2.792771816253662
AlAl 0 0.0 2.792771816253662
AlAl 0 0.0 2.792771816253662
AlAl 0 0.0 2.792771816253662
AlAl 0 0.0 2.792771816253662
AlAl 0 0.0 2.792771816253662
AlAl 0 0.0 2.8585546016693115
AlAl 0 0.0 2.8585546016693115
AlAl 0 0.0 inf
AlAl 1 2.8585546016693115 4.583497047424316
AlAl 1 2.8585546016693115 4.583497047424316
AlAl 1 2.8585546016693115 4.583497047424316
AlAl 1 2.8585546016693115 4.583497047424316
AlMn 0 0.0 1.0675989389419556
AlMn 0 0.0 1.0675989389419556
AlMn 0 0.0 1.0675989389419556
AlMn 0 0.0 1.0675989389419556
AlMn 0 0.0 1.0675989389419556
AlMn 0 0.0 1.0675989389419556
AlMn 0 0.0 1.4994792938232422
AlMn 0 0.0 1.4994792938232422
AlMn 0 0.0 1.4994792938232422
AlMn 0 0.0 1.4994792938232422
AlMn 0 0.0 1.4994792938232422
AlMn 0 0.0 1.4994792938232422
AlMn 0 0.0 1.7053247690200806
AlMn 0 0.0 1.7053247690200806
AlMn 0 0.0 1.7053247690200806
AlMn 0 0.0 1.7053247690200806
AlMn 0 0.0 1.7053247690200806
AlMn 0 0.0 1.7053247690200806
AlMn 0 0.0 1.7053247690200806
AlMn 0 0.0 1.7053247690200806
AlMn 0 0.0 1.8600788116455078
AlMn 0 0.0 1.8600788116455078
AlMn 0 0.0 1.8600788116455078
AlMn 0 0.0 1.8600788116455078
AlMn 0 0.0 1.8600788116455078
AlMn 0 0.0 1.8600788116455078
AlMn 0 0.0 2.0366954803466797
AlMn 0 0.0 2.0366954803466797
AlMn 0 0.0 2.0366954803466797
AlMn 0 0.0 2.0366954803466797
AlMn 0 0.0 2.0366954803466797
AlMn 0 0.0 2.0366954803466797
AlMn 0 0.0 2.0366954803466797
AlMn 0 0.0 2.0366954803466797
AlMn 0 0.0 2.0366954803466797
AlMn 0 0.0 2.0366954803466797
AlMn 0 0.0 2.0366954803466797
AlMn 0 0.0 2.0366954803466797
AlMn 0 0.0 2.0366954803466797
AlMn 0 0.0 2.075575113296509
AlMn 0 0.0 2.075575113296509
AlMn 0 0.0 2.075575113296509
AlMn 0 0.0 2.075575113296509
AlMn 0 0.0 2.075575113296509
AlMn 0 0.0 2.075575113296509
AlMn 0 0.0 2.075575113296509
AlMn 0 0.0 2.075575113296509
AlMn 0 0.0 2.075575113296509
AlMn 0 0.0 2.075575113296509
AlMn 0 0.0 2.075575113296509
AlMn 0 0.0 2.597799777984619
AlMn 0 0.0 2.597799777984619
AlMn 0 0.0 2.7134783267974854
AlMn 0 0.0 2.7134783267974854
AlMn 0 0.0 2.7134783267974854
AlMn 0 0.0 2.714092969894409
AlMn 0 0.0 2.714092969894409
AlMn 0 0.0 2.714092969894409
AlMn 0 0.0 2.714092969894409
AlMn 0 0.0 2.8236308097839355
AlMn 0 0.0 2.8236308097839355
AlMn 0 0.0 2.8236308097839355
AlMn 0 0.0 3.162010669708252
AlMn 0 0.0 3.2940444946289062
AlMn 0 0.0 3.2940444946289062
AlMn 0 0.0 3.2940444946289062
AlMn 0 0.0 3.2940444946289062
AlMn 0 0.0 5.227868556976318
AlMn 0 0.0 inf
AlMn 1 5.227868556976318 5.716499328613281
AlMn 1 5.227868556976318 5.797479152679443
AlMn 1 4.081168174743652 4.335258960723877
AlMn 1 4.081168174743652 4.335258960723877
AlMn 1 4.081168174743652 4.312434196472168
AlMn 1 4.081168174743652 4.312434196472168
AlMn 1 3.7667605876922607 4.096665382385254
AlMn 1 3.7667605876922607 4.096665382385254
AlMn 1 3.4906630516052246 3.5539462566375732
AlMn 1 3.454528570175171 3.8596572875976562
AlMn 1 3.162010669708252 3.8596572875976562
AlMn 1 3.162010669708252 3.454528570175171
AlMn 1 3.162010669708252 3.454528570175171
AlMn 1 2.7956085205078125 3.302072525024414
AlMn 1 2.7956085205078125 3.4186930656433105
AlMn 1 2.792771816253662 3.1012964248657227
AlMn 1 2.792771816253662 3.1012964248657227
AlMn 1 2.792771816253662 3.467529773712158
AlMn 1 2.792771816253662 2.8585546016693115
AlMn 1 2.792771816253662 2.8585546016693115
AlMn 1 2.792771816253662 2.8585546016693115
AlMn 1 2.792771816253662 2.8585546016693115
AlMn 1 2.792771816253662 2.8585546016693115
AlMn 1 2.714092969894409 3.467529773712158
AlMn 1 2.714092969894409 3.467529773712158
AlMn 1 2.714092969894409 4.466135501861572
AlMn 1 2.714092969894409 3.467529773712158
AlMn 2 4.440349102020264 4.964330673217773
AlMn 2 4.440349102020264 4.964330673217773
AlMn 2 4.335258960723877 4.964330673217773
AlMn 2 4.335258960723877 4.964330673217773
AlAl 0 0.0 1.0675989389419556
AlAl 0 0.0 1.0675989389419556
AlAl 0 0.0 1.0675989389419556
AlAl 0 0.0 1.0675989389419556
AlAl 0 0.0 1.0675989389419556
AlAl 0 0.0 1.0675989389419556
AlAl 0 0.0 1.4994792938232422
AlAl 0 0.0 1.4994792938232422
AlAl 0 0.0 1.4994792938232422
AlAl 0 0.0 1.4994792938232422
AlAl 0 0.0 1.4994792938232422
AlAl 0 0.0 1.4994792938232422
AlAl 0 0.0 1.8600788116455078
AlAl 0 0.0 1.8600788116455078
AlAl 0 0.0 1.8600788116455078
AlAl 0 0.0 1.8600788116455078
AlAl 0 0.0 1.8600788116455078
AlAl 0 0.0 1.8600788116455078
AlAl 0 0.0 2.075575113296509
AlAl 0 0.0 2.075575113296509
AlAl 0 0.0 2.075575113296509
AlAl 0 0.0 2.075575113296509
AlAl 0 0.0 2.075575113296509
AlAl 0 0.0 2.075575113296509
AlAl 0 0.0 2.075575113296509
AlAl 0 0.0 2.075575113296509
AlAl 0 0.0 2.075575113296509
AlAl 0 0.0 2.075575113296509
AlAl 0 0.0 2.075575113296509
AlAl 0 0.0 2.6312575340270996
AlAl 0 0.0 2.6312575340270996
AlAl 0 0.0 2.6312575340270996
AlAl 0 0.0 2.6312575340270996
AlAl 0 0.0 2.6312575340270996
AlAl 0 0.0 2.6312575340270996
AlAl 0 0.0 2.7134783267974854
AlAl 0 0.0 2.7134783267974854
AlAl 0 0.0 2.7134783267974854
AlAl 0 0.0 2.792771816253662
AlAl 0 0.0 2.792771816253662
AlAl 0 0.0 2.792771816253662
AlAl 0 0.0 2.877744436264038
AlAl 0 0.0 2.877744436264038
AlAl 0 0.0 2.9915425777435303
AlAl 0 0.0 2.9915425777435303
AlAl 0 0.0 3.2940444946289062
AlAl 0 0.0 3.2940444946289062
AlAl 0 0.0 3.2940444946289062
AlAl 0 0.0 3.2940444946289062
AlAl 0 0.0 3.454528570175171
AlAl 0 0.0 4.964330673217773
AlAl 0 0.0 5.716499328613281
AlAl 0 0.0 inf
AlAl 1 5.716499328613281 6.082452774047852
AlAl 1 4.964330673217773 5.4626336097717285
AlAl 1 4.335258960723877 4.964330673217773
AlAl 1 4.335258960723877 4.964330673217773
AlAl 1 4.0144362449646 4.272777557373047
AlAl 1 3.4906630516052246 4.272777557373047
AlAl 1 3.454528570175171 4.678130626678467
AlAl 1 2.8585546016693115 3.467529773712158
AlAl 1 2.7956085205078125 3.302072525024414
AlAl 1 2.7956085205078125 3.4186930656433105
AlAl 1 2.792771816253662 3.1012964248657227
AlAl 1 2.792771816253662 3.1012964248657227
AlAl 1 2.792771816253662 3.467529773712158
AlAl 1 2.792771816253662 3.467529773712158
AlAl 1 2.792771816253662 3.467529773712158
AlAl 2 4.459005832672119 4.964330673217773
AlAl 2 4.459005832672119 4.964330673217773
AlMn 0 0.0 1.0675989389419556
AlMn 0 0.0 1.0675989389419556
AlMn 0 0.0 1.4994792938232422
AlMn 0 0.0 1.4994792938232422
AlMn 0 0.0 1.4994792938232422
AlMn 0 0.0 1.4994792938232422
AlMn 0 0.0 1.4994792938232422
AlMn 0 0.0 1.4994792938232422
AlMn 0 0.0 2.0366954803466797
AlMn 0 0.0 2.0366954803466797
AlMn 0 0.0 2.0366954803466797
AlMn 0 0.0 2.0366954803466797
AlMn 0 0.0 2.0366954803466797
AlMn 0 0.0 2.0366954803466797
AlMn 0 0.0 2.0366954803466797
AlMn 0 0.0 2.0366954803466797
AlMn 0 0.0 2.075575113296509
AlMn 0 0.0 2.075575113296509
AlMn 0 0.0 2.075575113296509
AlMn 0 0.0 2.075575113296509
AlMn 0 0.0 2.075575113296509
AlMn 0 0.0 2.6312575340270996
AlMn 0 0.0 2.6312575340270996
AlMn 0 0.0 2.6312575340270996
AlMn 0 0.0 2.714092969894409
AlMn 0 0.0 2.714092969894409
AlMn 0 0.0 2.792771816253662
AlMn 0 0.0 2.792771816253662
AlMn 0 0.0 2.792771816253662
AlMn 0 0.0 2.792771816253662
AlMn 0 0.0 2.8236308097839355
AlMn 0 0.0 2.8236308097839355
AlMn 0 0.0 2.9915425777435303
AlMn 0 0.0 2.9915425777435303
AlMn 0 0.0 3.162010669708252
AlMn 0 0.0 3.454528570175171
AlMn 0 0.0 3.5831048488616943
AlMn 0 0.0 inf
AlMn 1 4.440349102020264 4.466135501861572
AlMn 1 3.8199880123138428 4.335258960723877
AlMn 1 3.7667605876922607 4.096665382385254
AlMn 1 3.7667605876922607 4.096665382385254
AlMn 1 3.7667605876922607 4.096665382385254
AlMn 1 3.7667605876922607 4.096665382385254
AlMn 1 3.162010669708252 4.466135501861572
AlMn 1 3.162010669708252 4.466135501861572
AlAl 0 0.0 1.0675989389419556
AlAl 0 0.0 1.0675989389419556
AlAl 0 0.0 1.4994792938232422
AlAl 0 0.0 1.4994792938232422
AlAl 0 0.0 1.4994792938232422
AlAl 0 0.0 1.4994792938232422
AlAl 0 0.0 1.4994792938232422
AlAl 0 0.0 1.4994792938232422
AlAl 0 0.0 2.075575113296509
AlAl 0 0.0 2.075575113296509
AlAl 0 0.0 2.075575113296509
AlAl 0 0.0 2.075575113296509
AlAl 0 0.0 2.075575113296509
AlAl 0 0.0 2.6312575340270996
AlAl 0 0.0 2.6312575340270996
AlAl 0 0.0 2.6312575340270996
AlAl 0 0.0 2.792771816253662
AlAl 0 0.0 2.792771816253662
AlAl 0 0.0 2.792771816253662
AlAl 0 0.0 2.792771816253662
AlAl 0 0.0 2.8585546016693115
AlAl 0 0.0 2.8585546016693115
AlAl 0 0.0 2.877744436264038
AlAl 0 0.0 2.877744436264038
AlAl 0 0.0 2.9915425777435303
AlAl 0 0.0 2.9915425777435303
AlAl 0 0.0 3.454528570175171
AlAl 0 0.0 3.454528570175171
AlAl 0 0.0 3.5831048488616943
AlAl 0 0.0 inf
AlAl 1 4.886692523956299 4.9419121742248535
AlAl 1 4.678130626678467 4.9419121742248535
AlAl 1 3.8199880123138428 4.335258960723877
AlAl 1 3.454528570175171 4.9419121742248535
AlAl 1 3.454528570175171 4.9419121742248535
AlMn 0 0.0 1.0675989389419556
AlMn 0 0.0 1.0675989389419556
AlMn 0 0.0 1.0675989389419556
AlMn 0 0.0 1.0675989389419556
AlMn 0 0.0 1.0675989389419556
AlMn 0 0.0 1.4994792938232422
AlMn 0 0.0 1.4994792938232422
AlMn 0 0.0 1.4994792938232422
AlMn 0 0.0 1.4994792938232422
AlMn 0 0.0 1.4994792938232422
AlMn 0 0.0 1.4994792938232422
AlMn 0 0.0 1.7053247690200806
AlMn 0 0.0 1.7053247690200806
AlMn 0 0.0 1.7053247690200806
AlMn 0 0.0 1.7053247690200806
AlMn 0 0.0 1.7053247690200806
AlMn 0 0.0 1.7053247690200806
AlMn 0 0.0 1.7053247690200806
AlMn 0 0.0 1.7053247690200806
AlMn 0 0.0 1.8600788116455078
AlMn 0 0.0 1.8600788116455078
AlMn 0 0.0 1.8600788116455078
AlMn 0 0.0 1.8600788116455078
AlMn 0 0.0 1.8600788116455078
AlMn 0 0.0 1.8600788116455078
AlMn 0 0.0 1.8600788116455078
AlMn 0 0.0 2.0366954803466797
AlMn 0 0.0 2.0366954803466797
AlMn 0 0.0 2.0366954803466797
AlMn 0 0.0 2.0366954803466797
AlMn 0 0.0 2.0366954803466797
AlMn 0 0.0 2.0366954803466797
AlMn 0 0.0 2.0366954803466797
AlMn 0 0.0 2.0366954803466797
AlMn 0 0.0 2.0366954803466797
AlMn 0 0.0 2.0366954803466797
AlMn 0 0.0 2.0366954803466797
AlMn 0 0.0 2.0366954803466797
AlMn 0 0.0 2.0366954803466797
AlMn 0 0.0 2.0366954803466797
AlMn 0 0.0 2.075575113296509
AlMn 0 0.0 2.075575113296509
AlMn 0 0.0 2.075575113296509
AlMn 0 0.0 2.075575113296509
AlMn 0 0.0 2.075575113296509
AlMn 0 0.0 2.075575113296509
AlMn 0 0.0 2.075575113296509
AlMn 0 0.0 2.075575113296509
AlMn 0 0.0 2.075575113296509
AlMn 0 0.0 2.597799777984619
AlMn 0 0.0 2.7134783267974854
AlMn 0 0.0 2.7134783267974854
AlMn 0 0.0 2.7134783267974854
AlMn 0 0.0 2.7134783267974854
AlMn 0 0.0 2.7134783267974854
AlMn 0 0.0 2.714092969894409
AlMn 0 0.0 2.714092969894409
AlMn 0 0.0 2.714092969894409
AlMn 0 0.0 2.714092969894409
AlMn 0 0.0 2.714092969894409
AlMn 0 0.0 2.714092969894409
AlMn 0 0.0 2.714092969894409
AlMn 0 0.0 2.8236308097839355
AlMn 0 0.0 3.2940444946289062
AlMn 0 0.0 3.2940444946289062
AlMn 0 0.0 3.4186930656433105
AlMn 0 0.0 3.4186930656433105
AlMn 0 0.0 3.4186930656433105
AlMn 0 0.0 3.4186930656433105
AlMn 0 0.0 3.874213695526123
AlMn 0 0.0 5.227868556976318
AlMn 0 0.0 inf
AlMn 1 5.408802032470703 5.716499328613281
AlMn 1 5.408802032470703 5.716499328613281
AlMn 1 5.227868556976318 5.797479152679443
AlMn 1 4.081168174743652 4.737354278564453
AlMn 1 4.081168174743652 4.648974418640137
AlMn 1 4.081168174743652 4.312434196472168
AlMn 1 4.081168174743652 4.648974418640137
AlMn 1 4.081168174743652 4.312434196472168
AlMn 1 3.162010669708252 3.454528570175171
AlMn 1 2.957221031188965 4.096665382385254
AlMn 1 2.957221031188965 4.096665382385254
AlMn 1 2.7956085205078125 3.467529773712158
AlMn 1 2.7956085205078125 3.4186930656433105
AlMn 1 2.792771816253662 2.8585546016693115
AlMn 1 2.792771816253662 2.8585546016693115
AlMn 1 2.792771816253662 2.8585546016693115
AlMn 1 2.792771816253662 2.8585546016693115
AlMn 1 2.792771816253662 2.8585546016693115
AlMn 1 2.792771816253662 2.8585546016693115
AlMn 1 2.792771816253662 2.8585546016693115
AlMn 1 2.792771816253662 4.466135501861572
AlMn 1 2.792771816253662 3.467529773712158
AlMn 1 2.792771816253662 3.1012964248657227
AlMn 1 2.714092969894409 3.467529773712158
AlMn 1 2.714092969894409 3.1012964248657227
AlMn 1 2.714092969894409 3.467529773712158
AlMn 1 2.714092969894409 3.467529773712158
AlMn 1 2.714092969894409 4.466135501861572
AlMn 1 2.714092969894409 3.467529773712158
AlMn 1 2.7134783267974854 3.4186930656433105
AlMn 2 4.8930583000183105 4.964330673217773
AlMn 2 4.8930583000183105 4.964330673217773
AlMn 2 4.8930583000183105 4.964330673217773
AlMn 2 4.737354278564453 4.964330673217773
AlMn 2 4.737354278564453 4.964330673217773
AlAl 0 0.0 1.0675989389419556
AlAl 0 0.0 1.0675989389419556
AlAl 0 0.0 1.0675989389419556
AlAl 0 0.0 1.0675989389419556
AlAl 0 0.0 1.0675989389419556
AlAl 0 0.0 1.4994792938232422
AlAl 0 0.0 1.4994792938232422
AlAl 0 0.0 1.4994792938232422
AlAl 0 0.0 1.4994792938232422
AlAl 0 0.0 1.4994792938232422
AlAl 0 0.0 1.4994792938232422
AlAl 0 0.0 1.8600788116455078
AlAl 0 0.0 1.8600788116455078
AlAl 0 0.0 1.8600788116455078
AlAl 0 0.0 1.8600788116455078
AlAl 0 0.0 1.8600788116455078
AlAl 0 0.0 1.8600788116455078
AlAl 0 0.0 1.8600788116455078
AlAl 0 0.0 2.075575113296509
AlAl 0 0.0 2.075575113296509
AlAl 0 0.0 2.075575113296509
AlAl 0 0.0 2.075575113296509
AlAl 0 0.0 2.075575113296509
AlAl 0 0.0 2.075575113296509
AlAl 0 0.0 2.075575113296509
AlAl 0 0.0 2.075575113296509
AlAl 0 0.0 2.075575113296509
AlAl 0 0.0 2.6312575340270996
AlAl 0 0.0 2.6312575340270996
AlAl 0 0.0 2.6312575340270996
AlAl 0 0.0 2.6312575340270996
AlAl 0 0.0 2.6312575340270996
AlAl 0 0.0 2.6312575340270996
AlAl 0 0.0 2.6312575340270996
AlAl 0 0.0 2.6312575340270996
AlAl 0 0.0 2.7134783267974854
AlAl 0 0.0 2.7134783267974854
AlAl 0 0.0 2.7134783267974854
AlAl 0 0.0 2.7134783267974854
AlAl 0 0.0 2.7134783267974854
AlAl 0 0.0 2.792771816253662
AlAl 0 0.0 2.792771816253662
AlAl 0 0.0 2.792771816253662
AlAl 0 0.0 2.792771816253662
AlAl 0 0.0 2.792771816253662
AlAl 0 0.0 2.877744436264038
AlAl 0 0.0 3.2940444946289062
AlAl 0 0.0 3.2940444946289062
AlAl 0 0.0 3.4186930656433105
AlAl 0 0.0 3.4186930656433105
AlAl 0 0.0 3.4186930656433105
AlAl 0 0.0 3.4186930656433105
AlAl 0 0.0 4.964330673217773
AlAl 0 0.0 5.716499328613281
AlAl 0 0.0 inf
AlAl 1 5.716499328613281 6.694597244262695
AlAl 1 4.737354278564453 4.964330673217773
AlAl 1 4.737354278564453 4.964330673217773
AlAl 1 4.583497047424316 4.964330673217773
AlAl 1 4.583497047424316 4.964330673217773
AlAl 1 2.8585546016693115 3.467529773712158
AlAl 1 2.8585546016693115 3.467529773712158
AlAl 1 2.8585546016693115 3.467529773712158
AlAl 1 2.8585546016693115 4.583497047424316
AlAl 1 2.7956085205078125 4.583497047424316
AlAl 1 2.7956085205078125 3.4186930656433105
AlAl 1 2.792771816253662 3.1012964248657227
AlAl 1 2.792771816253662 3.1012964248657227
AlAl 1 2.792771816253662 3.467529773712158
AlAl 1 2.792771816253662 3.467529773712158
AlAl 1 2.792771816253662 3.467529773712158
AlAl 1 2.7134783267974854 3.4186930656433105
AlMn 0 0.0 1.4994792938232422
AlMn 0 0.0 2.0366954803466797
AlMn 0 0.0 2.0366954803466797
AlMn 0 0.0 2.0366954803466797
AlMn 0 0.0 2.597799777984619
AlMn 0 0.0 2.597799777984619
AlMn 0 0.0 2.6312575340270996
AlMn 0 0.0 2.6312575340270996
AlMn 0 0.0 2.6312575340270996
AlMn 0 0.0 2.792771816253662
AlMn 0 0.0 2.792771816253662
AlMn 0 0.0 2.792771816253662
AlMn 0 0.0 2.792771816253662
AlMn 0 0.0 2.9915425777435303
AlMn 0 0.0 3.467529773712158
AlMn 0 0.0 3.467529773712158
AlMn 0 0.0 3.5831048488616943
AlMn 0 0.0 3.8199880123138428
AlMn 0 0.0 3.8596572875976562
AlMn 0 0.0 4.081168174743652
AlMn 0 0.0 4.081168174743652
AlMn 0 0.0 4.081168174743652
AlMn 0 0.0 4.081168174743652
AlMn 0 0.0 4.081168174743652
AlMn 0 0.0 4.096665382385254
AlMn 0 0.0 4.096665382385254
AlMn 0 0.0 4.964330673217773
AlMn 0 0.0 4.964330673217773
AlMn 0 0.0 4.964330673217773
AlMn 0 0.0 6.692474842071533
AlMn 0 0.0 inf
AlMn 1 6.692474842071533 6.7019362449646
AlMn 1 6.692474842071533 7.053102016448975
AlMn 1 6.692474842071533 6.7019362449646
AlMn 1 4.964330673217773 6.460303783416748
AlMn 1 4.964330673217773 5.412331581115723
AlMn 1 4.648974418640137 4.964330673217773
AlMn 1 4.648974418640137 4.964330673217773
AlMn 1 4.648974418640137 4.964330673217773
AlMn 1 4.648974418640137 4.964330673217773
AlMn 1 4.272777557373047 4.466135501861572
AlMn 1 4.096665382385254 5.114177703857422
AlMn 1 4.096665382385254 4.964330673217773
AlMn 1 4.096665382385254 4.964330673217773
AlMn 1 4.096665382385254 4.964330673217773
AlMn 1 3.5831048488616943 4.466135501861572
AlMn 2 7.053102016448975 7.5780348777771
AlMn 2 5.412331581115723 5.629132270812988
AlAl 0 0.0 1.4994792938232422
AlAl 0 0.0 2.6312575340270996
AlAl 0 0.0 2.6312575340270996
AlAl 0 0.0 2.6312575340270996
AlAl 0 0.0 2.792771816253662
AlAl 0 0.0 2.792771816253662
AlAl 0 0.0 2.792771816253662
AlAl 0 0.0 2.792771816253662
AlAl 0 0.0 2.9915425777435303
AlAl 0 0.0 3.467529773712158
AlAl 0 0.0 3.467529773712158
AlAl 0 0.0 3.5831048488616943
AlAl 0 0.0 3.8199880123138428
AlAl 0 0.0 4.9419121742248535
AlAl 0 0.0 4.964330673217773
AlAl 0 0.0 4.964330673217773
AlAl 0 0.0 4.964330673217773
AlAl 0 0.0 4.964330673217773
AlAl 0 0.0 4.964330673217773
AlAl 0 0.0 5.220786094665527
AlAl 0 0.0 inf
AlAl 1 5.629132270812988 6.212062358856201
AlAl 1 5.304023265838623 6.6899614334106445
AlAl 1 5.304023265838623 5.90977144241333
AlAl 1 4.964330673217773 6.460303783416748
AlAl 1 4.9419121742248535 5.576744079589844
AlAl 1 4.272777557373047 4.9419121742248535
AlAl 1 3.5831048488616943 4.964330673217773
AlMn 0 0.0 1.0675989389419556
AlMn 0 0.0 1.0675989389419556
AlMn 0 0.0 1.0675989389419556
AlMn 0 0.0 1.0675989389419556
AlMn 0 0.0 1.0675989389419556
AlMn 0 0.0 1.0675989389419556
AlMn 0 0.0 1.0675989389419556
AlMn 0 0.0 1.0675989389419556
AlMn 0 0.0 1.4994792938232422
AlMn 0 0.0 1.4994792938232422
AlMn 0 0.0 1.4994792938232422
AlMn 0 0.0 1.4994792938232422
AlMn 0 0.0 1.7053247690200806
AlMn 0 0.0 1.7053247690200806
AlMn 0 0.0 1.7053247690200806
AlMn 0 0.0 1.7053247690200806
AlMn 0 0.0 1.7053247690200806
AlMn 0 0.0 1.7053247690200806
AlMn 0 0.0 1.7053247690200806
AlMn 0 0.0 1.7053247690200806
AlMn 0 0.0 1.7053247690200806
AlMn 0 0.0 1.7053247690200806
AlMn 0 0.0 1.7053247690200806
AlMn 0 0.0 1.8600788116455078
AlMn 0 0.0 1.8600788116455078
AlMn 0 0.0 1.8600788116455078
AlMn 0 0.0 1.8600788116455078
AlMn 0 0.0 1.8600788116455078
AlMn 0 0.0 1.8600788116455078
AlMn 0 0.0 1.8600788116455078
AlMn 0 0.0 1.8600788116455078
AlMn 0 0.0 1.8600788116455078
AlMn 0 0.0 2.0366954803466797
AlMn 0 0.0 2.0366954803466797
AlMn 0 0.0 2.0366954803466797
AlMn 0 0.0 2.0366954803466797
AlMn 0 0.0 2.0366954803466797
AlMn 0 0.0 2.0366954803466797
AlMn 0 0.0 2.0366954803466797
AlMn 0 0.0 2.0366954803466797
AlMn 0 0.0 2.0366954803466797
AlMn 0 0.0 2.0366954803466797
AlMn 0 0.0 2.0366954803466797
AlMn 0 0.0 2.075575113296509
AlMn 0 0.0 2.075575113296509
AlMn 0 0.0 2.075575113296509
AlMn 0 0.0 2.075575113296509
AlMn 0 0.0 2.075575113296509
AlMn 0 0.0 2.075575113296509
AlMn 0 0.0 2.075575113296509
AlMn 0 0.0 2.597799777984619
AlMn 0 0.0 2.597799777984619
AlMn 0 0.0 2.597799777984619
AlMn 0 0.0 2.7134783267974854
AlMn 0 0.0 2.714092969894409
AlMn 0 0.0 2.714092969894409
AlMn 0 0.0 2.714092969894409
AlMn 0 0.0 2.714092969894409
AlMn 0 0.0 2.714092969894409
AlMn 0 0.0 2.792771816253662
AlMn 0 0.0 2.7956085205078125
AlMn 0 0.0 2.8236308097839355
AlMn 0 0.0 3.2940444946289062
AlMn 0 0.0 3.4186930656433105
AlMn 0 0.0 3.5539462566375732
AlMn 0 0.0 3.874213695526123
AlMn 0 0.0 4.081168174743652
AlMn 0 0.0 4.081168174743652
AlMn 0 0.0 4.096665382385254
AlMn 0 0.0 4.964330673217773
AlMn 0 0.0 5.227868556976318
AlMn 0 0.0 inf
AlMn 1 5.408802032470703 5.716499328613281
AlMn 1 5.227868556976318 5.797479152679443
AlMn 1 5.227868556976318 6.522555828094482
AlMn 1 5.227868556976318 6.303572654724121
AlMn 1 4.964330673217773 5.557013034820557
AlMn 1 4.648974418640137 4.964330673217773
AlMn 1 4.648974418640137 5.220786094665527
AlMn 1 4.123495578765869 4.272777557373047
AlMn 1 4.096665382385254 4.737354278564453
AlMn 1 4.096665382385254 4.964330673217773
AlMn 1 4.081168174743652 4.648974418640137
AlMn 1 4.081168174743652 4.312434196472168
AlMn 1 3.8596572875976562 4.466135501861572
AlMn 1 3.2940444946289062 3.302072525024414
AlMn 1 2.957221031188965 4.096665382385254
AlMn 1 2.877744436264038 4.466135501861572
AlMn 1 2.792771816253662 2.8585546016693115
AlMn 1 2.792771816253662 2.8585546016693115
AlMn 1 2.792771816253662 2.8585546016693115
AlMn 1 2.792771816253662 2.8585546016693115
AlMn 1 2.792771816253662 2.8585546016693115
AlMn 1 2.792771816253662 2.8585546016693115
AlMn 1 2.792771816253662 2.8585546016693115
AlMn 1 2.792771816253662 3.1012964248657227
AlMn 1 2.714092969894409 3.8199880123138428
AlMn 1 2.714092969894409 3.467529773712158
AlMn 1 2.714092969894409 3.467529773712158
AlMn 1 2.714092969894409 4.466135501861572
AlMn 1 2.7134783267974854 3.4186930656433105
AlMn 2 6.522555828094482 6.601205348968506
AlMn 2 4.8930583000183105 4.964330673217773
AlMn 2 4.459005832672119 4.964330673217773
AlAl 0 0.0 1.0675989389419556
AlAl 0 0.0 1.0675989389419556
AlAl 0 0.0 1.0675989389419556
AlAl 0 0.0 1.0675989389419556
AlAl 0 0.0 1.0675989389419556
AlAl 0 0.0 1.0675989389419556
AlAl 0 0.0 1.0675989389419556
AlAl 0 0.0 1.0675989389419556
AlAl 0 0.0 1.4994792938232422
AlAl 0 0.0 1.4994792938232422
AlAl 0 0.0 1.4994792938232422
AlAl 0 0.0 1.4994792938232422
AlAl 0 0.0 1.8600788116455078
AlAl 0 0.0 1.8600788116455078
AlAl 0 0.0 1.8600788116455078
AlAl 0 0.0 1.8600788116455078
AlAl 0 0.0 1.8600788116455078
AlAl 0 0.0 1.8600788116455078
AlAl 0 0.0 1.8600788116455078
AlAl 0 0.0 1.8600788116455078
AlAl 0 0.0 1.8600788116455078
AlAl 0 0.0 2.075575113296509
AlAl 0 0.0 2.075575113296509
AlAl 0 0.0 2.075575113296509
AlAl 0 0.0 2.075575113296509
AlAl 0 0.0 2.075575113296509
AlAl 0 0.0 2.075575113296509
AlAl 0 0.0 2.075575113296509
AlAl 0 0.0 2.6312575340270996
AlAl 0 0.0 2.6312575340270996
AlAl 0 0.0 2.6312575340270996
AlAl 0 0.0 2.6312575340270996
AlAl 0 0.0 2.6312575340270996
AlAl 0 0.0 2.6312575340270996
AlAl 0 0.0 2.6312575340270996
AlAl 0 0.0 2.6312575340270996
AlAl 0 0.0 2.7134783267974854
AlAl 0 0.0 2.792771816253662
AlAl 0 0.0 2.792771816253662
AlAl 0 0.0 2.792771816253662
AlAl 0 0.0 2.792771816253662
AlAl 0 0.0 2.792771816253662
AlAl 0 0.0 2.7956085205078125
AlAl 0 0.0 2.877744436264038
AlAl 0 0.0 2.9915425777435303
AlAl 0 0.0 3.2940444946289062
AlAl 0 0.0 3.4186930656433105
AlAl 0 0.0 4.123495578765869
AlAl 0 0.0 4.459005832672119
AlAl 0 0.0 4.737354278564453
AlAl 0 0.0 4.964330673217773
AlAl 0 0.0 5.716499328613281
AlAl 0 0.0 inf
AlAl 1 5.220786094665527 5.304023265838623
AlAl 1 4.964330673217773 5.90977144241333
AlAl 1 4.583497047424316 4.964330673217773
AlAl 1 4.272777557373047 4.678130626678467
AlAl 1 4.123495578765869 4.272777557373047
AlAl 1 3.2940444946289062 3.302072525024414
AlAl 1 2.877744436264038 4.583497047424316
AlAl 1 2.8585546016693115 3.467529773712158
AlAl 1 2.792771816253662 3.1012964248657227
AlAl 1 2.792771816253662 3.467529773712158
AlAl 1 2.792771816253662 3.8199880123138428
AlAl 1 2.792771816253662 4.678130626678467
AlAl 1 2.7134783267974854 3.4186930656433105
AlAl 2 4.459005832672119 4.964330673217773
AlMn 0 0.0 1.4994792938232422
AlMn 0 0.0 1.4994792938232422
AlMn 0 0.0 2.0366954803466797
AlMn 0 0.0 2.0366954803466797
AlMn 0 0.0 2.0366954803466797
AlMn 0 0.0 2.0366954803466797
AlMn 0 0.0 2.0366954803466797
AlMn 0 0.0 2.597799777984619
AlMn 0 0.0 2.597799777984619
AlMn 0 0.0 2.597799777984619
AlMn 0 0.0 2.6312575340270996
AlMn 0 0.0 2.6312575340270996
AlMn 0 0.0 2.6312575340270996
AlMn 0 0.0 2.6312575340270996
AlMn 0 0.0 2.792771816253662
AlMn 0 0.0 2.792771816253662
AlMn 0 0.0 2.792771816253662
AlMn 0 0.0 2.792771816253662
AlMn 0 0.0 2.792771816253662
AlMn 0 0.0 2.792771816253662
AlMn 0 0.0 2.792771816253662
AlMn 0 0.0 2.9915425777435303
AlMn 0 0.0 3.190020799636841
AlMn 0 0.0 3.190020799636841
AlMn 0 0.0 3.190020799636841
AlMn 0 0.0 3.190020799636841
AlMn 0 0.0 3.190020799636841
AlMn 0 0.0 3.190020799636841
AlMn 0 0.0 3.190020799636841
AlMn 0 0.0 3.467529773712158
AlMn 0 0.0 3.467529773712158
AlMn 0 0.0 3.5831048488616943
AlMn 0 0.0 3.6121177673339844
AlMn 0 0.0 3.8199880123138428
AlMn 0 0.0 3.8199880123138428
AlMn 0 0.0 3.8596572875976562
AlMn 0 0.0 4.081168174743652
AlMn 0 0.0 4.081168174743652
AlMn 0 0.0 4.081168174743652
AlMn 0 0.0 4.081168174743652
AlMn 0 0.0 4.096665382385254
AlMn 0 0.0 4.096665382385254
AlMn 0 0.0 inf
AlMn 1 4.964330673217773 5.412331581115723
AlMn 1 4.964330673217773 5.412331581115723
AlMn 1 4.964330673217773 5.412331581115723
AlMn 1 4.648974418640137 4.964330673217773
AlMn 1 4.648974418640137 5.412331581115723
AlMn 1 4.648974418640137 5.90091609954834
AlMn 1 4.648974418640137 4.964330673217773
AlMn 1 4.648974418640137 4.964330673217773
AlMn 1 4.648974418640137 4.964330673217773
AlMn 1 4.272777557373047 4.466135501861572
AlMn 1 4.272777557373047 4.466135501861572
AlMn 1 4.096665382385254 5.90091609954834
AlMn 1 4.096665382385254 5.90091609954834
AlMn 1 4.096665382385254 5.585951805114746
AlMn 1 4.096665382385254 4.466135501861572
AlMn 1 4.096665382385254 5.114177703857422
AlMn 1 4.081168174743652 4.964330673217773
AlMn 1 4.081168174743652 4.964330673217773
AlMn 1 3.5831048488616943 4.466135501861572
AlMn 1 3.467529773712158 3.8596572875976562
AlMn 1 2.9915425777435303 4.466135501861572
AlMn 2 5.90091609954834 7.053102016448975
AlMn 2 5.585951805114746 6.460303783416748
AlMn 2 4.964330673217773 5.629132270812988
AlMn 2 4.964330673217773 5.114177703857422
AlAl 0 0.0 1.4994792938232422
AlAl 0 0.0 1.4994792938232422
AlAl 0 0.0 2.6312575340270996
AlAl 0 0.0 2.6312575340270996
AlAl 0 0.0 2.6312575340270996
AlAl 0 0.0 2.6312575340270996
AlAl 0 0.0 2.792771816253662
AlAl 0 0.0 2.792771816253662
AlAl 0 0.0 2.792771816253662
AlAl 0 0.0 2.792771816253662
AlAl 0 0.0 2.792771816253662
AlAl 0 0.0 2.792771816253662
AlAl 0 0.0 2.792771816253662
AlAl 0 0.0 2.9915425777435303
AlAl 0 0.0 2.9915425777435303
AlAl 0 0.0 3.190020799636841
AlAl 0 0.0 3.190020799636841
AlAl 0 0.0 3.190020799636841
AlAl 0 0.0 3.190020799636841
AlAl 0 0.0 3.190020799636841
AlAl 0 0.0 3.190020799636841
AlAl 0 0.0 3.190020799636841
AlAl 0 0.0 3.467529773712158
AlAl 0 0.0 3.467529773712158
AlAl 0 0.0 3.467529773712158
AlAl 0 0.0 3.5831048488616943
AlAl 0 0.0 3.6121177673339844
AlAl 0 0.0 3.6121177673339844
AlAl 0 0.0 3.8199880123138428
AlAl 0 0.0 3.8199880123138428
AlAl 0 0.0 4.9419121742248535
AlAl 0 0.0 4.964330673217773
AlAl 0 0.0 inf
AlAl 1 5.629132270812988 5.90977144241333
AlAl 1 4.964330673217773 5.90091609954834
AlAl 1 4.964330673217773 5.90091609954834
AlAl 1 4.964330673217773 5.90091609954834
AlAl 1 4.964330673217773 5.90091609954834
AlAl 1 4.964330673217773 5.585951805114746
AlAl 1 4.964330673217773 5.585951805114746
AlAl 1 4.964330673217773 6.460303783416748
AlAl 1 4.9419121742248535 6.139379024505615
AlAl 1 4.9419121742248535 5.576744079589844
AlAl 1 4.272777557373047 4.9419121742248535
AlAl 1 4.272777557373047 4.9419121742248535
AlAl 1 3.6121177673339844 5.411323070526123
AlAl 1 3.6121177673339844 3.9109888076782227
AlAl 1 3.6121177673339844 5.007110595703125
AlAl 1 3.5831048488616943 4.964330673217773
AlAl 2 6.460303783416748 7.204981803894043
AlAl 2 5.411323070526123 5.629132270812988
AlMn 0 0.0 1.0675989389419556
AlMn 0 0.0 1.4994792938232422
AlMn 0 0.0 1.4994792938232422
AlMn 0 0.0 1.4994792938232422
AlMn 0 0.0 1.4994792938232422
AlMn 0 0.0 2.0366954803466797
AlMn 0 0.0 2.0366954803466797
AlMn 0 0.0 2.0366954803466797
AlMn 0 0.0 2.0366954803466797
AlMn 0 0.0 2.075575113296509
AlMn 0 0.0 2.075575113296509
AlMn 0 0.0 2.597799777984619
AlMn 0 0.0 2.6312575340270996
AlMn 0 0.0 2.6312575340270996
AlMn 0 0.0 2.6312575340270996
AlMn 0 0.0 2.6312575340270996
AlMn 0 0.0 2.7134783267974854
AlMn 0 0.0 2.7134783267974854
AlMn 0 0.0 2.714092969894409
AlMn 0 0.0 2.714092969894409
AlMn 0 0.0 2.714092969894409
AlMn 0 0.0 2.792771816253662
AlMn 0 0.0 2.792771816253662
AlMn 0 0.0 2.792771816253662
AlMn 0 0.0 2.792771816253662
AlMn 0 0.0 2.957221031188965
AlMn 0 0.0 2.957221031188965
AlMn 0 0.0 3.190020799636841
AlMn 0 0.0 3.190020799636841
AlMn 0 0.0 3.190020799636841
AlMn 0 0.0 3.190020799636841
AlMn 0 0.0 3.190020799636841
AlMn 0 0.0 3.190020799636841
AlMn 0 0.0 3.190020799636841
AlMn 0 0.0 3.2940444946289062
AlMn 0 0.0 3.2940444946289062
AlMn 0 0.0 3.4186930656433105
AlMn 0 0.0 3.4186930656433105
AlMn 0 0.0 3.4186930656433105
AlMn 0 0.0 3.874213695526123
AlMn 0 0.0 4.081168174743652
AlMn 0 0.0 4.081168174743652
AlMn 0 0.0 4.081168174743652
AlMn 0 0.0 4.081168174743652
AlMn 0 0.0 4.081168174743652
AlMn 0 0.0 4.096665382385254
AlMn 0 0.0 4.096665382385254
AlMn 0 0.0 inf
AlMn 1 4.964330673217773 5.412331581115723
AlMn 1 4.648974418640137 5.412331581115723
AlMn 1 4.648974418640137 5.90091609954834
AlMn 1 4.648974418640137 4.964330673217773
AlMn 1 4.648974418640137 5.220786094665527
AlMn 1 4.583497047424316 5.90091609954834
AlMn 1 4.096665382385254 4.737354278564453
AlMn 1 4.096665382385254 5.90091609954834
AlMn 1 4.096665382385254 5.90091609954834
AlMn 1 4.096665382385254 4.737354278564453
AlMn 1 4.096665382385254 4.964330673217773
AlMn 1 4.096665382385254 4.964330673217773
AlMn 1 4.081168174743652 4.466135501861572
AlMn 1 4.081168174743652 5.90091609954834
AlMn 1 4.081168174743652 5.90091609954834
AlMn 1 4.081168174743652 4.440349102020264
AlMn 1 4.081168174743652 4.648974418640137
AlMn 1 4.081168174743652 4.440349102020264
AlMn 1 3.467529773712158 4.466135501861572
AlMn 1 3.467529773712158 4.466135501861572
AlMn 2 6.460303783416748 7.053102016448975
AlMn 2 6.460303783416748 7.053102016448975
AlMn 2 5.90091609954834 7.053102016448975
AlMn 2 5.90091609954834 7.053102016448975
AlMn 2 4.8930583000183105 4.964330673217773
AlAl 0 0.0 1.0675989389419556
AlAl 0 0.0 1.4994792938232422
AlAl 0 0.0 1.4994792938232422
AlAl 0 0.0 1.4994792938232422
AlAl 0 0.0 1.4994792938232422
AlAl 0 0.0 2.075575113296509
AlAl 0 0.0 2.075575113296509
AlAl 0 0.0 2.6312575340270996
AlAl 0 0.0 2.6312575340270996
AlAl 0 0.0 2.6312575340270996
AlAl 0 0.0 2.6312575340270996
AlAl 0 0.0 2.7134783267974854
AlAl 0 0.0 2.7134783267974854
AlAl 0 0.0 2.792771816253662
AlAl 0 0.0 2.792771816253662
AlAl 0 0.0 2.792771816253662
AlAl 0 0.0 2.792771816253662
AlAl 0 0.0 2.8585546016693115
AlAl 0 0.0 2.8585546016693115
AlAl 0 0.0 3.190020799636841
AlAl 0 0.0 3.190020799636841
AlAl 0 0.0 3.190020799636841
AlAl 0 0.0 3.190020799636841
AlAl 0 0.0 3.190020799636841
AlAl 0 0.0 3.190020799636841
AlAl 0 0.0 3.190020799636841
AlAl 0 0.0 3.2940444946289062
AlAl 0 0.0 3.2940444946289062
AlAl 0 0.0 3.4186930656433105
AlAl 0 0.0 3.4186930656433105
AlAl 0 0.0 3.4186930656433105
AlAl 0 0.0 4.335258960723877
AlAl 0 0.0 4.737354278564453
AlAl 0 0.0 4.737354278564453
AlAl 0 0.0 4.964330673217773
AlAl 0 0.0 4.964330673217773
AlAl 0 0.0 inf
AlAl 1 5.220786094665527 5.304023265838623
AlAl 1 5.220786094665527 5.304023265838623
AlAl 1 4.964330673217773 5.90091609954834
AlAl 1 4.964330673217773 5.90091609954834
AlAl 1 4.964330673217773 5.90091609954834
AlAl 1 4.964330673217773 5.90091609954834
AlAl 1 4.964330673217773 5.90091609954834
AlAl 1 4.964330673217773 5.90091609954834
AlAl 1 4.964330673217773 5.90977144241333
AlAl 1 4.964330673217773 5.90977144241333
AlAl 1 4.964330673217773 5.90977144241333
AlAl 1 4.964330673217773 5.90977144241333
AlAl 1 4.737354278564453 5.90091609954834
AlAl 1 4.583497047424316 5.90091609954834
AlAl 1 4.583497047424316 4.964330673217773
AlAl 1 4.335258960723877 4.964330673217773
AlAl 1 3.467529773712158 4.9419121742248535
AlAl 1 3.467529773712158 4.9419121742248535
AlAl 2 6.460303783416748 7.111666679382324
AlAl 2 6.460303783416748 7.204981803894043
AlAl 2 6.460303783416748 7.204981803894043
AlAl 2 6.27033805847168 7.111666679382324
AlMn 0 0.0 9.5367431640625e-07
AlMn 0 0.0 1.0675989389419556
AlMn 0 0.0 1.0675989389419556
AlMn 0 0.0 1.0675989389419556
AlMn 0 0.0 1.0675989389419556
AlMn 0 0.0 1.0675989389419556
AlMn 0 0.0 1.0675989389419556
AlMn 0 0.0 1.4994792938232422
AlMn 0 0.0 1.4994792938232422
AlMn 0 0.0 1.4994792938232422
AlMn 0 0.0 1.4994792938232422
AlMn 0 0.0 1.4994792938232422
AlMn 0 0.0 1.4994792938232422
AlMn 0 0.0 1.4994792938232422
AlMn 0 0.0 1.4994792938232422
AlMn 0 0.0 1.4994792938232422
AlMn 0 0.0 1.4994792938232422
AlMn 0 0.0 2.0366954803466797
AlMn 0 0.0 2.0366954803466797
AlMn 0 0.0 2.0366954803466797
AlMn 0 0.0 2.0366954803466797
AlMn 0 0.0 2.0366954803466797
AlMn 0 0.0 2.0366954803466797
AlMn 0 0.0 2.0366954803466797
AlMn 0 0.0 2.0366954803466797
AlMn 0 0.0 2.0366954803466797
AlMn 0 0.0 2.0366954803466797
AlMn 0 0.0 2.075575113296509
AlMn 0 0.0 2.075575113296509
AlMn 0 0.0 2.075575113296509
AlMn 0 0.0 2.075575113296509
AlMn 0 0.0 2.075575113296509
AlMn 0 0.0 2.075575113296509
AlMn 0 0.0 2.075575113296509
AlMn 0 0.0 2.075575113296509
AlMn 0 0.0 2.597799777984619
AlMn 0 0.0 2.597799777984619
AlMn 0 0.0 2.6312575340270996
AlMn 0 0.0 2.6312575340270996
AlMn 0 0.0 2.6312575340270996
AlMn 0 0.0 2.6312575340270996
AlMn 0 0.0 2.7134783267974854
AlMn 0 0.0 2.7134783267974854
AlMn 0 0.0 2.714092969894409
AlMn 0 0.0 2.714092969894409
AlMn 0 0.0 2.714092969894409
AlMn 0 0.0 2.714092969894409
AlMn 0 0.0 2.714092969894409
AlMn 0 0.0 2.714092969894409
AlMn 0 0.0 2.714092969894409
AlMn 0 0.0 2.714092969894409
AlMn 0 0.0 2.792771816253662
AlMn 0 0.0 2.792771816253662
AlMn 0 0.0 2.792771816253662
AlMn 0 0.0 2.792771816253662
AlMn 0 0.0 2.957221031188965
AlMn 0 0.0 3.190020799636841
AlMn 0 0.0 3.190020799636841
AlMn 0 0.0 3.467529773712158
AlMn 0 0.0 inf
AlMn 1 5.207035064697266 5.418639659881592
AlMn 1 5.207035064697266 5.418639659881592
AlMn 1 4.94066047668457 5.585951805114746
AlMn 1 3.4186930656433105 4.096665382385254
AlMn 1 3.4186930656433105 4.096665382385254
AlMn 1 2.957221031188965 4.440349102020264
AlMn 1 2.957221031188965 4.096665382385254
AlMn 1 2.957221031188965 4.096665382385254
AlMn 1 2.957221031188965 4.678130626678467
AlMn 1 2.957221031188965 4.678130626678467
AlMn 1 2.792771816253662 4.096665382385254
AlMn 1 2.792771816253662 4.096665382385254
AlMn 1 2.792771816253662 4.440349102020264
AlMn 1 2.597799777984619 2.8236308097839355
AlMn 1 2.597799777984619 2.8236308097839355
AlMn 1 2.075575113296509 2.8236308097839355
AlMn 1 2.075575113296509 2.8236308097839355
AlMn 1 2.075575113296509 2.8236308097839355
AlMn 1 2.075575113296509 2.8236308097839355
AlMn 2 4.440349102020264 4.678130626678467
AlMn 2 4.440349102020264 4.678130626678467
AlAl 0 0.0 9.5367431640625e-07
AlAl 0 0.0 1.0675989389419556
AlAl 0 0.0 1.0675989389419556
AlAl 0 0.0 1.0675989389419556
AlAl 0 0.0 1.0675989389419556
AlAl 0 0.0 1.0675989389419556
AlAl 0 0.0 1.0675989389419556
AlAl 0 0.0 1.4994792938232422
AlAl 0 0.0 1.4994792938232422
AlAl 0 0.0 1.4994792938232422
AlAl 0 0.0 1.4994792938232422
AlAl 0 0.0 1.4994792938232422
AlAl 0 0.0 1.4994792938232422
AlAl 0 0.0 1.4994792938232422
AlAl 0 0.0 1.4994792938232422
AlAl 0 0.0 1.4994792938232422
AlAl 0 0.0 1.4994792938232422
AlAl 0 0.0 2.075575113296509
AlAl 0 0.0 2.075575113296509
AlAl 0 0.0 2.075575113296509
AlAl 0 0.0 2.075575113296509
AlAl 0 0.0 2.075575113296509
AlAl 0 0.0 2.075575113296509
AlAl 0 0.0 2.075575113296509
AlAl 0 0.0 2.075575113296509
AlAl 0 0.0 2.075575113296509
AlAl 0 0.0 2.075575113296509
AlAl 0 0.0 2.075575113296509
AlAl 0 0.0 2.075575113296509
AlAl 0 0.0 2.6312575340270996
AlAl 0 0.0 2.6312575340270996
AlAl 0 0.0 2.6312575340270996
AlAl 0 0.0 2.6312575340270996
AlAl 0 0.0 2.7134783267974854
AlAl 0 0.0 2.7134783267974854
AlAl 0 0.0 2.792771816253662
AlAl 0 0.0 2.792771816253662
AlAl 0 0.0 2.792771816253662
AlAl 0 0.0 2.792771816253662
AlAl 0 0.0 2.792771816253662
AlAl 0 0.0 2.8585546016693115
AlAl 0 0.0 2.8585546016693115
AlAl 0 0.0 2.8585546016693115
AlAl 0 0.0 2.8585546016693115
AlAl 0 0.0 2.8585546016693115
AlAl 0 0.0 3.190020799636841
AlAl 0 0.0 3.190020799636841
AlAl 0 0.0 3.467529773712158
AlAl 0 0.0 4.0144362449646
AlAl 0 0.0 4.0144362449646
AlAl 0 0.0 4.678130626678467
AlAl 0 0.0 inf
AlAl 1 5.207035064697266 5.418639659881592
AlAl 1 5.207035064697266 5.418639659881592
AlAl 1 4.94066047668457 5.585951805114746
AlAl 1 4.678130626678467 4.840234279632568
AlAl 1 3.4186930656433105 4.289117813110352
AlAl 1 3.4186930656433105 4.583497047424316
AlAl 1 2.8585546016693115 3.6121177673339844
AlAl 1 2.8585546016693115 3.6121177673339844
AlAl 1 2.8585546016693115 4.583497047424316
AlAl 1 2.8585546016693115 3.6121177673339844
AlAl 1 2.8585546016693115 3.6121177673339844
AlAl 1 2.792771816253662 4.289117813110352
AlAl 1 2.792771816253662 4.289117813110352
AlAl 2 4.704098224639893 4.964330673217773
AlAl 2 4.678130626678467 4.793018817901611
AlAl 2 4.678130626678467 4.793018817901611
AlAl 2 4.583497047424316 4.840234279632568
AlAl 2 4.583497047424316 4.840234279632568
AlMn 0 0.0 1.0675989389419556
AlMn 0 0.0 1.0675989389419556
AlMn 0 0.0 1.0675989389419556
AlMn 0 0.0 1.0675989389419556
AlMn 0 0.0 1.0675989389419556
AlMn 0 0.0 1.0675989389419556
AlMn 0 0.0 1.4994792938232422
AlMn 0 0.0 1.4994792938232422
AlMn 0 0.0 1.7053247690200806
AlMn 0 0.0 1.7053247690200806
AlMn 0 0.0 1.7053247690200806
AlMn 0 0.0 1.8600788116455078
AlMn 0 0.0 1.8600788116455078
AlMn 0 0.0 1.8600788116455078
AlMn 0 0.0 1.8600788116455078
AlMn 0 0.0 1.8600788116455078
AlMn 0 0.0 1.8600788116455078
AlMn 0 0.0 1.8600788116455078
AlMn 0 0.0 1.8600788116455078
AlMn 0 0.0 2.0366954803466797
AlMn 0 0.0 2.0366954803466797
AlMn 0 0.0 2.075575113296509
AlMn 0 0.0 2.075575113296509
AlMn 0 0.0 2.075575113296509
AlMn 0 0.0 2.075575113296509
AlMn 0 0.0 2.075575113296509
AlMn 0 0.0 2.597799777984619
AlMn 0 0.0 2.597799777984619
AlMn 0 0.0 2.7134783267974854
AlMn 0 0.0 2.7134783267974854
AlMn 0 0.0 2.714092969894409
AlMn 0 0.0 2.714092969894409
AlMn 0 0.0 2.714092969894409
AlMn 0 0.0 2.9915425777435303
AlMn 0 0.0 2.9915425777435303
AlMn 0 0.0 3.5831048488616943
AlMn 0 0.0 4.964330673217773
AlMn 0 0.0 7.087287902832031
AlMn 0 0.0 inf
AlMn 1 7.087287902832031 7.798627853393555
AlMn 1 4.123495578765869 4.678130626678467
AlMn 1 3.5831048488616943 4.678130626678467
AlMn 1 3.4906630516052246 3.5539462566375732
AlMn 1 3.4906630516052246 3.5539462566375732
AlMn 1 2.792771816253662 2.8585546016693115
AlMn 1 2.792771816253662 2.8585546016693115
AlMn 1 2.714092969894409 4.678130626678467
AlMn 1 2.714092969894409 4.678130626678467
AlAl 0 0.0 1.0675989389419556
AlAl 0 0.0 1.0675989389419556
AlAl 0 0.0 1.0675989389419556
AlAl 0 0.0 1.0675989389419556
AlAl 0 0.0 1.0675989389419556
AlAl 0 0.0 1.0675989389419556
AlAl 0 0.0 1.4994792938232422
AlAl 0 0.0 1.4994792938232422
AlAl 0 0.0 1.8600788116455078
AlAl 0 0.0 1.8600788116455078
AlAl 0 0.0 1.8600788116455078
AlAl 0 0.0 1.8600788116455078
AlAl 0 0.0 1.8600788116455078
AlAl 0 0.0 1.8600788116455078
AlAl 0 0.0 1.8600788116455078
AlAl 0 0.0 1.8600788116455078
AlAl 0 0.0 2.075575113296509
AlAl 0 0.0 2.075575113296509
AlAl 0 0.0 2.075575113296509
AlAl 0 0.0 2.075575113296509
AlAl 0 0.0 2.075575113296509
AlAl 0 0.0 2.7134783267974854
AlAl 0 0.0 2.7134783267974854
AlAl 0 0.0 2.792771816253662
AlAl 0 0.0 2.792771816253662
AlAl 0 0.0 2.9915425777435303
AlAl 0 0.0 2.9915425777435303
AlAl 0 0.0 2.9915425777435303
AlAl 0 0.0 2.9915425777435303
AlAl 0 0.0 3.4906630516052246
AlAl 0 0.0 3.5831048488616943
AlAl 0 0.0 4.964330673217773
AlAl 0 0.0 7.087287902832031
AlAl 0 0.0 inf
AlAl 1 7.087287902832031 7.88273811340332
AlAl 1 4.123495578765869 4.678130626678467
AlAl 1 4.123495578765869 4.678130626678467
AlAl 1 3.5831048488616943 4.678130626678467
AlAl 1 3.4906630516052246 4.678130626678467
