HoHo 0 0.0 4.112236976623535
HoHo 0 0.0 4.112236976623535
HoHo 0 0.0 4.112236976623535
HoHo 0 0.0 4.112236976623535
HoHo 0 0.0 4.112236976623535
HoHo 0 0.0 4.112236976623535
HoHo 0 0.0 4.112236976623535
HoHo 0 0.0 4.112236976623535
HoHo 0 0.0 4.112236976623535
HoHo 0 0.0 4.112236976623535
HoHo 0 0.0 4.112236976623535
HoHo 0 0.0 4.112236976623535
HoHo 0 0.0 4.112236976623535
HoHo 0 0.0 4.112236976623535
HoHo 0 0.0 4.112236976623535
HoHo 0 0.0 4.112236976623535
HoHo 0 0.0 4.112236976623535
HoHo 0 0.0 4.112236976623535
HoHo 0 0.0 4.112236976623535
HoHo 0 0.0 4.112236976623535
HoHo 0 0.0 4.112236976623535
HoHo 0 0.0 4.112236976623535
HoHo 0 0.0 4.112236976623535
HoHo 0 0.0 4.112236976623535
HoHo 0 0.0 4.112236976623535
HoHo 0 0.0 4.112236976623535
HoHo 0 0.0 inf
HoHo 1 4.112236976623535 5.815581321716309
HoHo 1 4.112236976623535 5.815581321716309
HoHo 1 4.112236976623535 5.815581321716309
HoHo 1 4.112236976623535 5.815581321716309
HoHo 1 4.112236976623535 5.815581321716309
HoHo 1 4.112236976623535 5.815581321716309
HoHo 1 4.112236976623535 5.815581321716309
HoHo 1 4.112236976623535 5.815581321716309
HoHo 1 4.112236976623535 5.815581321716309
HoHo 1 4.112236976623535 5.815581321716309
HoHo 1 4.112236976623535 5.815581321716309
HoHo 1 4.112236976623535 5.815581321716309
HoHo 1 4.112236976623535 5.815581321716309
HoHo 1 4.112236976623535 5.815581321716309
HoHo 1 4.112236976623535 5.815581321716309
HoHo 1 4.112236976623535 5.815581321716309
HoHo 1 4.112236976623535 5.815581321716309
HoHo 1 4.112236976623535 5.815581321716309
HoHo 1 4.112236976623535 5.815581321716309
HoHo 1 4.112236976623535 5.815581321716309
HoHo 1 4.112236976623535 5.815581321716309
HoHo 1 4.112236976623535 5.815581321716309
HoHo 1 4.112236976623535 5.815581321716309
HoHo 1 4.112236976623535 5.815581321716309
HoHo 1 4.112236976623535 5.815581321716309
HoHo 1 4.112236976623535 5.815581321716309
HoHo 1 4.112236976623535 5.815581321716309
HoHo 1 4.112236976623535 5.815581321716309
HoPt 0 0.0 0.3263617157936096
HoPt 0 0.0 0.3263617157936096
HoPt 0 0.0 0.3263617157936096
HoPt 0 0.0 0.3263617157936096
HoPt 0 0.0 0.3263617157936096
HoPt 0 0.0 0.3263617157936096
HoPt 0 0.0 0.3263617157936096
HoPt 0 0.0 0.3263617157936096
HoPt 0 0.0 0.3263617157936096
HoPt 0 0.0 0.3263617157936096
HoPt 0 0.0 0.3263617157936096
HoPt 0 0.0 0.3263617157936096
HoPt 0 0.0 0.3263617157936096
HoPt 0 0.0 0.3263617157936096
HoPt 0 0.0 0.3263617157936096
HoPt 0 0.0 0.3263617157936096
HoPt 0 0.0 0.3263617157936096
HoPt 0 0.0 0.3263617157936096
HoPt 0 0.0 0.3263617157936096
HoPt 0 0.0 0.3263617157936096
HoPt 0 0.0 0.3263617157936096
HoPt 0 0.0 0.3263617157936096
HoPt 0 0.0 0.3263617157936096
HoPt 0 0.0 0.3263617157936096
HoPt 0 0.0 0.3263617157936096
HoPt 0 0.0 0.3263617157936096
HoPt 0 0.0 0.3263617157936096
HoPt 0 0.0 0.3263617157936096
HoPt 0 0.0 0.3263617157936096
HoPt 0 0.0 0.3263617157936096
HoPt 0 0.0 0.3263617157936096
HoPt 0 0.0 0.3263617157936096
HoPt 0 0.0 0.3263617157936096
HoPt 0 0.0 0.3263617157936096
HoPt 0 0.0 0.3263617157936096
HoPt 0 0.0 0.3263617157936096
HoPt 0 0.0 3.8883187770843506
HoPt 0 0.0 3.8883187770843506
HoPt 0 0.0 3.8883187770843506
HoPt 0 0.0 3.8883187770843506
HoPt 0 0.0 3.8883187770843506
HoPt 0 0.0 3.8883187770843506
HoPt 0 0.0 3.8883187770843506
HoPt 0 0.0 3.8883187770843506
HoPt 0 0.0 3.8883187770843506
HoPt 0 0.0 3.8883187770843506
HoPt 0 0.0 3.8883187770843506
HoPt 0 0.0 3.8883187770843506
HoPt 0 0.0 3.8883187770843506
HoPt 0 0.0 3.8883187770843506
HoPt 0 0.0 3.8883187770843506
HoPt 0 0.0 3.8883187770843506
HoPt 0 0.0 4.112236976623535
HoPt 0 0.0 4.112236976623535
HoPt 0 0.0 4.112236976623535
HoPt 0 0.0 4.112236976623535
HoPt 0 0.0 4.112236976623535
HoPt 0 0.0 4.112236976623535
HoPt 0 0.0 4.112236976623535
HoPt 0 0.0 4.112236976623535
HoPt 0 0.0 4.112236976623535
HoPt 0 0.0 4.112236976623535
HoPt 0 0.0 inf
HoPt 1 4.112236976623535 5.815581321716309
HoPt 1 4.112236976623535 5.815581321716309
HoPt 1 4.112236976623535 5.815581321716309
HoPt 1 4.112236976623535 5.815581321716309
HoPt 1 4.112236976623535 5.815581321716309
HoPt 1 4.112236976623535 5.815581321716309
HoPt 1 4.112236976623535 5.815581321716309
HoPt 1 4.112236976623535 5.815581321716309
HoPt 1 4.112236976623535 5.815581321716309
HoPt 1 4.112236976623535 5.815581321716309
HoPt 1 4.112236976623535 4.125167369842529
HoPt 1 4.112236976623535 4.125167369842529
HoPt 1 4.112236976623535 4.125167369842529
HoPt 1 4.112236976623535 4.125167369842529
HoPt 1 4.112236976623535 4.125167369842529
HoPt 1 4.112236976623535 4.125167369842529
HoPt 1 4.112236976623535 4.125167369842529
HoPt 1 4.112236976623535 4.125167369842529
HoPt 1 4.112236976623535 5.815581321716309
HoPt 1 4.112236976623535 4.125167369842529
HoPt 1 4.112236976623535 4.125167369842529
HoPt 1 4.112236976623535 4.125167369842529
HoPt 1 4.112236976623535 4.125167369842529
HoPt 1 4.112236976623535 5.6594624519348145
HoPt 1 4.112236976623535 5.6594624519348145
HoPt 1 4.112236976623535 5.6594624519348145
HoPt 1 4.112236976623535 5.6594624519348145
HoPt 1 4.112236976623535 5.6594624519348145
HoPt 1 4.112236976623535 5.6594624519348145
HoPt 1 4.112236976623535 5.6594624519348145
HoPt 1 4.112236976623535 5.6594624519348145
HoPt 1 4.112236976623535 5.6594624519348145
HoPt 1 3.8883187770843506 5.489219665527344
HoPt 1 3.8883187770843506 5.489219665527344
HoPt 1 3.8883187770843506 5.489219665527344
HoPt 1 3.8883187770843506 5.489219665527344
HoPt 1 3.8883187770843506 5.489219665527344
HoPt 1 3.8883187770843506 5.489219665527344
HoPt 1 3.8883187770843506 5.489219665527344
HoPt 1 3.8883187770843506 5.489219665527344
HoPt 2 5.6594624519348145 5.815581321716309
HoPt 2 5.6594624519348145 5.815581321716309
HoPt 2 5.6594624519348145 5.815581321716309
PtHo 0 0.0 4.76837158203125e-07
PtHo 0 0.0 0.3263617157936096
PtHo 0 0.0 0.3263617157936096
PtHo 0 0.0 0.3263617157936096
PtHo 0 0.0 0.3263617157936096
PtHo 0 0.0 0.3263617157936096
PtHo 0 0.0 0.3263617157936096
PtHo 0 0.0 0.3263617157936096
PtHo 0 0.0 0.3263617157936096
PtHo 0 0.0 0.3263617157936096
PtHo 0 0.0 0.3263617157936096
PtHo 0 0.0 0.3263617157936096
PtHo 0 0.0 0.3263617157936096
PtHo 0 0.0 0.3263617157936096
PtHo 0 0.0 0.3263617157936096
PtHo 0 0.0 0.3263617157936096
PtHo 0 0.0 0.3263617157936096
PtHo 0 0.0 0.3263617157936096
PtHo 0 0.0 0.3263617157936096
PtHo 0 0.0 0.3263617157936096
PtHo 0 0.0 0.3263617157936096
PtHo 0 0.0 0.3263617157936096
PtHo 0 0.0 0.3263617157936096
PtHo 0 0.0 0.3263617157936096
PtHo 0 0.0 0.3263617157936096
PtHo 0 0.0 0.3263617157936096
PtHo 0 0.0 0.3263617157936096
PtHo 0 0.0 0.3263617157936096
PtHo 0 0.0 0.3263617157936096
PtHo 0 0.0 0.3263617157936096
PtHo 0 0.0 0.3263617157936096
PtHo 0 0.0 0.3263617157936096
PtHo 0 0.0 0.3263617157936096
PtHo 0 0.0 0.3263617157936096
PtHo 0 0.0 0.3263617157936096
PtHo 0 0.0 0.3263617157936096
PtHo 0 0.0 0.3263617157936096
PtHo 0 0.0 0.3263617157936096
PtHo 0 0.0 0.3263617157936096
PtHo 0 0.0 0.3263617157936096
PtHo 0 0.0 0.3263617157936096
PtHo 0 0.0 0.3263617157936096
PtHo 0 0.0 0.3263617157936096
PtHo 0 0.0 0.3263617157936096
PtHo 0 0.0 0.3263617157936096
PtHo 0 0.0 0.3263617157936096
PtHo 0 0.0 0.3263617157936096
PtHo 0 0.0 0.3263617157936096
PtHo 0 0.0 0.3263617157936096
PtHo 0 0.0 0.3263617157936096
PtHo 0 0.0 0.3263617157936096
PtHo 0 0.0 0.3263617157936096
PtHo 0 0.0 0.3263617157936096
PtHo 0 0.0 0.3263617157936096
PtHo 0 0.0 0.3263617157936096
PtHo 0 0.0 0.3263617157936096
PtHo 0 0.0 0.3263617157936096
PtHo 0 0.0 0.3263617157936096
PtHo 0 0.0 0.3263617157936096
PtHo 0 0.0 0.3263617157936096
PtHo 0 0.0 0.3263617157936096
PtHo 0 0.0 0.3263617157936096
PtHo 0 0.0 0.3263617157936096
PtHo 0 0.0 0.3263617157936096
PtHo 0 0.0 3.8883187770843506
PtHo 0 0.0 3.8883187770843506
PtHo 0 0.0 3.8883187770843506
PtHo 0 0.0 3.8883187770843506
PtHo 0 0.0 3.8883187770843506
PtHo 0 0.0 3.8883187770843506
PtHo 0 0.0 3.8883187770843506
PtHo 0 0.0 3.8883187770843506
PtHo 0 0.0 3.8883187770843506
PtHo 0 0.0 3.8883187770843506
PtHo 0 0.0 3.8883187770843506
PtHo 0 0.0 3.8883187770843506
PtHo 0 0.0 3.8883187770843506
PtHo 0 0.0 3.8883187770843506
PtHo 0 0.0 3.8883187770843506
PtHo 0 0.0 3.8883187770843506
PtHo 0 0.0 3.8883187770843506
PtHo 0 0.0 3.8883187770843506
PtHo 0 0.0 3.8883187770843506
PtHo 0 0.0 3.8883187770843506
PtHo 0 0.0 3.8883187770843506
PtHo 0 0.0 3.8883187770843506
PtHo 0 0.0 3.8883187770843506
PtHo 0 0.0 3.8883187770843506
PtHo 0 0.0 3.8883187770843506
PtHo 0 0.0 4.112236976623535
PtHo 0 0.0 inf
PtHo 1 4.112236976623535 4.125167369842529
PtHo 1 4.112236976623535 4.125167369842529
PtHo 1 4.112236976623535 4.125167369842529
PtHo 1 4.112236976623535 4.125167369842529
PtHo 1 4.112236976623535 4.125167369842529
PtHo 1 4.112236976623535 4.125167369842529
PtHo 1 4.112236976623535 4.125167369842529
PtHo 1 4.112236976623535 4.125167369842529
PtHo 1 4.112236976623535 4.125167369842529
PtHo 1 4.112236976623535 5.6594624519348145
PtHo 1 4.112236976623535 5.6594624519348145
PtHo 1 4.112236976623535 5.6594624519348145
PtHo 1 4.112236976623535 5.6594624519348145
PtHo 1 4.112236976623535 5.6594624519348145
PtHo 1 4.112236976623535 5.6594624519348145
PtHo 1 4.112236976623535 5.6594624519348145
PtHo 1 4.112236976623535 5.6594624519348145
PtHo 1 3.8883187770843506 5.489219665527344
PtHo 1 3.8883187770843506 5.489219665527344
PtHo 1 3.8883187770843506 5.489219665527344
PtHo 1 3.8883187770843506 5.489219665527344
PtHo 1 3.8883187770843506 5.489219665527344
PtHo 1 3.8883187770843506 5.489219665527344
PtHo 1 3.8883187770843506 5.489219665527344
PtHo 1 3.8883187770843506 5.489219665527344
PtHo 1 3.8883187770843506 5.489219665527344
PtHo 1 3.8883187770843506 5.489219665527344
PtHo 1 3.8883187770843506 5.489219665527344
PtHo 1 3.8883187770843506 5.489219665527344
PtHo 1 3.8883187770843506 5.489219665527344
PtHo 1 3.8883187770843506 5.489219665527344
PtHo 1 3.8883187770843506 5.489219665527344
PtHo 1 3.8883187770843506 5.489219665527344
PtHo 1 3.8883187770843506 5.489219665527344
PtHo 1 3.8883187770843506 5.489219665527344
PtHo 1 3.8883187770843506 5.489219665527344
PtHo 1 3.8883187770843506 5.489219665527344
PtHo 2 5.6594624519348145 5.815581321716309
PtHo 2 5.6594624519348145 5.815581321716309
PtHo 2 5.6594624519348145 5.815581321716309
PtHo 2 5.6594624519348145 5.815581321716309
PtPt 0 0.0 4.76837158203125e-07
PtPt 0 0.0 0.3263617157936096
PtPt 0 0.0 0.3263617157936096
PtPt 0 0.0 0.3263617157936096
PtPt 0 0.0 0.3263617157936096
PtPt 0 0.0 0.3263617157936096
PtPt 0 0.0 0.3263617157936096
PtPt 0 0.0 0.3263617157936096
PtPt 0 0.0 0.3263617157936096
PtPt 0 0.0 0.3263617157936096
PtPt 0 0.0 0.3263617157936096
PtPt 0 0.0 0.3263617157936096
PtPt 0 0.0 0.3263617157936096
PtPt 0 0.0 0.3263617157936096
PtPt 0 0.0 0.3263617157936096
PtPt 0 0.0 0.3263617157936096
PtPt 0 0.0 0.3263617157936096
PtPt 0 0.0 0.3263617157936096
PtPt 0 0.0 0.3263617157936096
PtPt 0 0.0 0.3263617157936096
PtPt 0 0.0 0.3263617157936096
PtPt 0 0.0 0.3263617157936096
PtPt 0 0.0 0.3263617157936096
PtPt 0 0.0 0.3263617157936096
PtPt 0 0.0 0.3263617157936096
PtPt 0 0.0 0.3263617157936096
PtPt 0 0.0 0.3263617157936096
PtPt 0 0.0 0.3263617157936096
PtPt 0 0.0 0.3263617157936096
PtPt 0 0.0 0.3263617157936096
PtPt 0 0.0 0.3263617157936096
PtPt 0 0.0 0.3263617157936096
PtPt 0 0.0 0.3263617157936096
PtPt 0 0.0 0.3263617157936096
PtPt 0 0.0 0.3263617157936096
PtPt 0 0.0 0.3263617157936096
PtPt 0 0.0 0.3263617157936096
PtPt 0 0.0 3.8883187770843506
PtPt 0 0.0 3.8883187770843506
PtPt 0 0.0 3.8883187770843506
PtPt 0 0.0 3.8883187770843506
PtPt 0 0.0 3.8883187770843506
PtPt 0 0.0 3.8883187770843506
PtPt 0 0.0 3.8883187770843506
PtPt 0 0.0 3.8883187770843506
PtPt 0 0.0 3.8883187770843506
PtPt 0 0.0 3.8883187770843506
PtPt 0 0.0 3.8883187770843506
PtPt 0 0.0 3.8883187770843506
PtPt 0 0.0 3.8883187770843506
PtPt 0 0.0 3.8883187770843506
PtPt 0 0.0 3.8883187770843506
PtPt 0 0.0 3.8883187770843506
PtPt 0 0.0 3.8883187770843506
PtPt 0 0.0 4.112236976623535
PtPt 0 0.0 4.112236976623535
PtPt 0 0.0 4.112236976623535
PtPt 0 0.0 4.112236976623535
PtPt 0 0.0 4.112236976623535
PtPt 0 0.0 4.112236976623535
PtPt 0 0.0 4.112236976623535
PtPt 0 0.0 4.112236976623535
PtPt 0 0.0 4.112236976623535
PtPt 0 0.0 inf
PtPt 1 4.112236976623535 5.815581321716309
PtPt 1 4.112236976623535 5.815581321716309
PtPt 1 4.112236976623535 5.815581321716309
PtPt 1 4.112236976623535 5.815581321716309
PtPt 1 4.112236976623535 5.815581321716309
PtPt 1 4.112236976623535 5.815581321716309
PtPt 1 4.112236976623535 5.815581321716309
PtPt 1 4.112236976623535 5.815581321716309
PtPt 1 4.112236976623535 5.815581321716309
PtPt 1 4.112236976623535 5.815581321716309
PtPt 1 4.112236976623535 5.815581321716309
PtPt 1 4.112236976623535 5.815581321716309
PtPt 1 3.8883187770843506 5.489219665527344
PtPt 1 3.8883187770843506 5.489219665527344
PtPt 1 3.8883187770843506 5.489219665527344
PtPt 1 3.8883187770843506 5.489219665527344
PtPt 1 3.8883187770843506 5.489219665527344
PtPt 1 3.8883187770843506 5.489219665527344
PtPt 1 3.8883187770843506 5.489219665527344
PtPt 1 3.8883187770843506 5.489219665527344
PtPt 1 3.8883187770843506 5.489219665527344
PtPt 1 3.8883187770843506 5.489219665527344
PtPt 1 3.8883187770843506 5.489219665527344
PtPt 1 3.8883187770843506 5.489219665527344
PtPt 1 3.8883187770843506 5.489219665527344
PtPt 1 3.8883187770843506 5.489219665527344
PtPt 1 3.8883187770843506 5.489219665527344
PtPt 1 3.8883187770843506 5.489219665527344
PtPt 2 5.489219665527344 5.815581321716309
PtPt 2 5.489219665527344 5.815581321716309
PtPt 2 5.489219665527344 5.815581321716309
PtPt 2 5.489219665527344 5.815581321716309
PtHo 0 0.0 0.3263617157936096
PtHo 0 0.0 0.3263617157936096
PtHo 0 0.0 0.3263617157936096
PtHo 0 0.0 0.3263617157936096
PtHo 0 0.0 0.3263617157936096
PtHo 0 0.0 0.3263617157936096
PtHo 0 0.0 0.3263617157936096
PtHo 0 0.0 0.3263617157936096
PtHo 0 0.0 0.3263617157936096
PtHo 0 0.0 0.3263617157936096
PtHo 0 0.0 0.3263617157936096
PtHo 0 0.0 0.3263617157936096
PtHo 0 0.0 0.3263617157936096
PtHo 0 0.0 0.3263617157936096
PtHo 0 0.0 0.3263617157936096
PtHo 0 0.0 0.3263617157936096
PtHo 0 0.0 0.3263617157936096
PtHo 0 0.0 0.3263617157936096
PtHo 0 0.0 0.3263617157936096
PtHo 0 0.0 0.3263617157936096
PtHo 0 0.0 0.3263617157936096
PtHo 0 0.0 0.3263617157936096
PtHo 0 0.0 0.3263617157936096
PtHo 0 0.0 0.3263617157936096
PtHo 0 0.0 0.3263617157936096
PtHo 0 0.0 0.3263617157936096
PtHo 0 0.0 0.3263617157936096
PtHo 0 0.0 0.3263617157936096
PtHo 0 0.0 0.3263617157936096
PtHo 0 0.0 0.3263617157936096
PtHo 0 0.0 0.3263617157936096
PtHo 0 0.0 0.3263617157936096
PtHo 0 0.0 0.3263617157936096
PtHo 0 0.0 0.3263617157936096
PtHo 0 0.0 0.3263617157936096
PtHo 0 0.0 0.3263617157936096
PtHo 0 0.0 0.3263617157936096
PtHo 0 0.0 0.3263617157936096
PtHo 0 0.0 0.3263617157936096
PtHo 0 0.0 0.3263617157936096
PtHo 0 0.0 0.3263617157936096
PtHo 0 0.0 0.3263617157936096
PtHo 0 0.0 0.3263617157936096
PtHo 0 0.0 0.3263617157936096
PtHo 0 0.0 0.3263617157936096
PtHo 0 0.0 0.3263617157936096
PtHo 0 0.0 0.3263617157936096
PtHo 0 0.0 0.3263617157936096
PtHo 0 0.0 0.3263617157936096
PtHo 0 0.0 0.3263617157936096
PtHo 0 0.0 0.3263617157936096
PtHo 0 0.0 0.3263617157936096
PtHo 0 0.0 0.3263617157936096
PtHo 0 0.0 0.3263617157936096
PtHo 0 0.0 0.3263617157936096
PtHo 0 0.0 0.3263617157936096
PtHo 0 0.0 0.3263617157936096
PtHo 0 0.0 0.3263617157936096
PtHo 0 0.0 0.3263617157936096
PtHo 0 0.0 0.3263617157936096
PtHo 0 0.0 0.3263617157936096
PtHo 0 0.0 0.3263617157936096
PtHo 0 0.0 0.3263617157936096
PtHo 0 0.0 3.8883187770843506
PtHo 0 0.0 3.8883187770843506
PtHo 0 0.0 3.8883187770843506
PtHo 0 0.0 3.8883187770843506
PtHo 0 0.0 3.8883187770843506
PtHo 0 0.0 3.8883187770843506
PtHo 0 0.0 3.8883187770843506
PtHo 0 0.0 3.8883187770843506
PtHo 0 0.0 3.8883187770843506
PtHo 0 0.0 3.8883187770843506
PtHo 0 0.0 3.8883187770843506
PtHo 0 0.0 3.8883187770843506
PtHo 0 0.0 3.8883187770843506
PtHo 0 0.0 3.8883187770843506
PtHo 0 0.0 3.8883187770843506
PtHo 0 0.0 3.8883187770843506
PtHo 0 0.0 3.8883187770843506
PtHo 0 0.0 3.8883187770843506
PtHo 0 0.0 3.8883187770843506
PtHo 0 0.0 3.8883187770843506
PtHo 0 0.0 3.8883187770843506
PtHo 0 0.0 3.8883187770843506
PtHo 0 0.0 3.8883187770843506
PtHo 0 0.0 3.8883187770843506
PtHo 0 0.0 3.8883187770843506
PtHo 0 0.0 4.112236976623535
PtHo 0 0.0 inf
PtHo 1 4.112236976623535 4.125167369842529
PtHo 1 4.112236976623535 4.125167369842529
PtHo 1 4.112236976623535 4.125167369842529
PtHo 1 4.112236976623535 4.125167369842529
PtHo 1 4.112236976623535 4.125167369842529
PtHo 1 4.112236976623535 4.125167369842529
PtHo 1 4.112236976623535 4.125167369842529
PtHo 1 4.112236976623535 4.125167369842529
PtHo 1 4.112236976623535 4.125167369842529
PtHo 1 4.112236976623535 5.6594624519348145
PtHo 1 4.112236976623535 5.6594624519348145
PtHo 1 4.112236976623535 5.6594624519348145
PtHo 1 4.112236976623535 5.6594624519348145
PtHo 1 4.112236976623535 5.6594624519348145
PtHo 1 4.112236976623535 5.6594624519348145
PtHo 1 4.112236976623535 5.6594624519348145
PtHo 1 4.112236976623535 5.6594624519348145
PtHo 1 3.8883187770843506 5.489219665527344
PtHo 1 3.8883187770843506 5.489219665527344
PtHo 1 3.8883187770843506 5.489219665527344
PtHo 1 3.8883187770843506 5.489219665527344
PtHo 1 3.8883187770843506 5.489219665527344
PtHo 1 3.8883187770843506 5.489219665527344
PtHo 1 3.8883187770843506 5.489219665527344
PtHo 1 3.8883187770843506 5.489219665527344
PtHo 1 3.8883187770843506 5.489219665527344
PtHo 1 3.8883187770843506 5.489219665527344
PtHo 1 3.8883187770843506 5.489219665527344
PtHo 1 3.8883187770843506 5.489219665527344
PtHo 1 3.8883187770843506 5.489219665527344
PtHo 1 3.8883187770843506 5.489219665527344
PtHo 1 3.8883187770843506 5.489219665527344
PtHo 1 3.8883187770843506 5.489219665527344
PtHo 1 3.8883187770843506 5.489219665527344
PtHo 1 3.8883187770843506 5.489219665527344
PtHo 1 3.8883187770843506 5.489219665527344
PtHo 1 3.8883187770843506 5.489219665527344
PtHo 2 5.6594624519348145 5.815581321716309
PtHo 2 5.6594624519348145 5.815581321716309
PtHo 2 5.6594624519348145 5.815581321716309
PtHo 2 5.6594624519348145 5.815581321716309
PtPt 0 0.0 0.3263617157936096
PtPt 0 0.0 0.3263617157936096
PtPt 0 0.0 0.3263617157936096
PtPt 0 0.0 0.3263617157936096
PtPt 0 0.0 0.3263617157936096
PtPt 0 0.0 0.3263617157936096
PtPt 0 0.0 0.3263617157936096
PtPt 0 0.0 0.3263617157936096
PtPt 0 0.0 0.3263617157936096
PtPt 0 0.0 0.3263617157936096
PtPt 0 0.0 0.3263617157936096
PtPt 0 0.0 0.3263617157936096
PtPt 0 0.0 0.3263617157936096
PtPt 0 0.0 0.3263617157936096
PtPt 0 0.0 0.3263617157936096
PtPt 0 0.0 0.3263617157936096
PtPt 0 0.0 0.3263617157936096
PtPt 0 0.0 0.3263617157936096
PtPt 0 0.0 0.3263617157936096
PtPt 0 0.0 0.3263617157936096
PtPt 0 0.0 0.3263617157936096
PtPt 0 0.0 0.3263617157936096
PtPt 0 0.0 0.3263617157936096
PtPt 0 0.0 0.3263617157936096
PtPt 0 0.0 0.3263617157936096
PtPt 0 0.0 0.3263617157936096
PtPt 0 0.0 0.3263617157936096
PtPt 0 0.0 0.3263617157936096
PtPt 0 0.0 0.3263617157936096
PtPt 0 0.0 0.3263617157936096
PtPt 0 0.0 0.3263617157936096
PtPt 0 0.0 0.3263617157936096
PtPt 0 0.0 0.3263617157936096
PtPt 0 0.0 0.3263617157936096
PtPt 0 0.0 0.3263617157936096
PtPt 0 0.0 0.3263617157936096
PtPt 0 0.0 3.8883187770843506
PtPt 0 0.0 3.8883187770843506
PtPt 0 0.0 3.8883187770843506
PtPt 0 0.0 3.8883187770843506
PtPt 0 0.0 3.8883187770843506
PtPt 0 0.0 3.8883187770843506
PtPt 0 0.0 3.8883187770843506
PtPt 0 0.0 3.8883187770843506
PtPt 0 0.0 3.8883187770843506
PtPt 0 0.0 3.8883187770843506
PtPt 0 0.0 3.8883187770843506
PtPt 0 0.0 3.8883187770843506
PtPt 0 0.0 3.8883187770843506
PtPt 0 0.0 3.8883187770843506
PtPt 0 0.0 3.8883187770843506
PtPt 0 0.0 3.8883187770843506
PtPt 0 0.0 3.8883187770843506
PtPt 0 0.0 4.112236976623535
PtPt 0 0.0 4.112236976623535
PtPt 0 0.0 4.112236976623535
PtPt 0 0.0 4.112236976623535
PtPt 0 0.0 4.112236976623535
PtPt 0 0.0 4.112236976623535
PtPt 0 0.0 4.112236976623535
PtPt 0 0.0 4.112236976623535
PtPt 0 0.0 4.112236976623535
PtPt 0 0.0 inf
PtPt 1 4.112236976623535 5.815581321716309
PtPt 1 4.112236976623535 5.815581321716309
PtPt 1 4.112236976623535 5.815581321716309
PtPt 1 4.112236976623535 5.815581321716309
PtPt 1 4.112236976623535 5.815581321716309
PtPt 1 4.112236976623535 5.815581321716309
PtPt 1 4.112236976623535 5.815581321716309
PtPt 1 4.112236976623535 5.815581321716309
PtPt 1 4.112236976623535 5.815581321716309
PtPt 1 4.112236976623535 5.815581321716309
PtPt 1 4.112236976623535 5.815581321716309
PtPt 1 4.112236976623535 5.815581321716309
PtPt 1 3.8883187770843506 5.489219665527344
PtPt 1 3.8883187770843506 5.489219665527344
PtPt 1 3.8883187770843506 5.489219665527344
PtPt 1 3.8883187770843506 5.489219665527344
PtPt 1 3.8883187770843506 5.489219665527344
PtPt 1 3.8883187770843506 5.489219665527344
PtPt 1 3.8883187770843506 5.489219665527344
PtPt 1 3.8883187770843506 5.489219665527344
PtPt 1 3.8883187770843506 5.489219665527344
PtPt 1 3.8883187770843506 5.489219665527344
PtPt 1 3.8883187770843506 5.489219665527344
PtPt 1 3.8883187770843506 5.489219665527344
PtPt 1 3.8883187770843506 5.489219665527344
PtPt 1 3.8883187770843506 5.489219665527344
PtPt 1 3.8883187770843506 5.489219665527344
PtPt 1 3.8883187770843506 5.489219665527344
PtPt 2 5.489219665527344 5.815581321716309
PtPt 2 5.489219665527344 5.815581321716309
PtPt 2 5.489219665527344 5.815581321716309
PtPt 2 5.489219665527344 5.815581321716309
PtHo 0 0.0 0.3263617157936096
PtHo 0 0.0 0.3263617157936096
PtHo 0 0.0 0.3263617157936096
PtHo 0 0.0 0.3263617157936096
PtHo 0 0.0 0.3263617157936096
PtHo 0 0.0 0.3263617157936096
PtHo 0 0.0 0.3263617157936096
PtHo 0 0.0 0.3263617157936096
PtHo 0 0.0 0.3263617157936096
PtHo 0 0.0 0.3263617157936096
PtHo 0 0.0 0.3263617157936096
PtHo 0 0.0 0.3263617157936096
PtHo 0 0.0 0.3263617157936096
PtHo 0 0.0 0.3263617157936096
PtHo 0 0.0 0.3263617157936096
PtHo 0 0.0 0.3263617157936096
PtHo 0 0.0 0.3263617157936096
PtHo 0 0.0 0.3263617157936096
PtHo 0 0.0 0.3263617157936096
PtHo 0 0.0 0.3263617157936096
PtHo 0 0.0 0.3263617157936096
PtHo 0 0.0 0.3263617157936096
PtHo 0 0.0 0.3263617157936096
PtHo 0 0.0 0.3263617157936096
PtHo 0 0.0 0.3263617157936096
PtHo 0 0.0 0.3263617157936096
PtHo 0 0.0 0.3263617157936096
PtHo 0 0.0 0.3263617157936096
PtHo 0 0.0 0.3263617157936096
PtHo 0 0.0 0.3263617157936096
PtHo 0 0.0 0.3263617157936096
PtHo 0 0.0 0.3263617157936096
PtHo 0 0.0 0.3263617157936096
PtHo 0 0.0 0.3263617157936096
PtHo 0 0.0 0.3263617157936096
PtHo 0 0.0 0.3263617157936096
PtHo 0 0.0 0.3263617157936096
PtHo 0 0.0 0.3263617157936096
PtHo 0 0.0 0.3263617157936096
PtHo 0 0.0 0.3263617157936096
PtHo 0 0.0 0.3263617157936096
PtHo 0 0.0 0.3263617157936096
PtHo 0 0.0 0.3263617157936096
PtHo 0 0.0 0.3263617157936096
PtHo 0 0.0 0.3263617157936096
PtHo 0 0.0 0.3263617157936096
PtHo 0 0.0 0.3263617157936096
PtHo 0 0.0 0.3263617157936096
PtHo 0 0.0 0.3263617157936096
PtHo 0 0.0 0.3263617157936096
PtHo 0 0.0 0.3263617157936096
PtHo 0 0.0 0.3263617157936096
PtHo 0 0.0 0.3263617157936096
PtHo 0 0.0 0.3263617157936096
PtHo 0 0.0 0.3263617157936096
PtHo 0 0.0 0.3263617157936096
PtHo 0 0.0 0.3263617157936096
PtHo 0 0.0 0.3263617157936096
PtHo 0 0.0 0.3263617157936096
PtHo 0 0.0 0.3263617157936096
PtHo 0 0.0 0.3263617157936096
PtHo 0 0.0 0.3263617157936096
PtHo 0 0.0 0.3263617157936096
PtHo 0 0.0 3.8883187770843506
PtHo 0 0.0 3.8883187770843506
PtHo 0 0.0 3.8883187770843506
PtHo 0 0.0 3.8883187770843506
PtHo 0 0.0 3.8883187770843506
PtHo 0 0.0 3.8883187770843506
PtHo 0 0.0 3.8883187770843506
PtHo 0 0.0 3.8883187770843506
PtHo 0 0.0 3.8883187770843506
PtHo 0 0.0 3.8883187770843506
PtHo 0 0.0 3.8883187770843506
PtHo 0 0.0 3.8883187770843506
PtHo 0 0.0 3.8883187770843506
PtHo 0 0.0 3.8883187770843506
PtHo 0 0.0 3.8883187770843506
PtHo 0 0.0 3.8883187770843506
PtHo 0 0.0 3.8883187770843506
PtHo 0 0.0 3.8883187770843506
PtHo 0 0.0 3.8883187770843506
PtHo 0 0.0 3.8883187770843506
PtHo 0 0.0 3.8883187770843506
PtHo 0 0.0 3.8883187770843506
PtHo 0 0.0 3.8883187770843506
PtHo 0 0.0 3.8883187770843506
PtHo 0 0.0 3.8883187770843506
PtHo 0 0.0 4.112236976623535
PtHo 0 0.0 inf
PtHo 1 4.112236976623535 4.125167369842529
PtHo 1 4.112236976623535 4.125167369842529
PtHo 1 4.112236976623535 4.125167369842529
PtHo 1 4.112236976623535 4.125167369842529
PtHo 1 4.112236976623535 4.125167369842529
PtHo 1 4.112236976623535 4.125167369842529
PtHo 1 4.112236976623535 4.125167369842529
PtHo 1 4.112236976623535 4.125167369842529
PtHo 1 4.112236976623535 4.125167369842529
PtHo 1 4.112236976623535 5.6594624519348145
PtHo 1 4.112236976623535 5.6594624519348145
PtHo 1 4.112236976623535 5.6594624519348145
PtHo 1 4.112236976623535 5.6594624519348145
PtHo 1 4.112236976623535 5.6594624519348145
PtHo 1 4.112236976623535 5.6594624519348145
PtHo 1 4.112236976623535 5.6594624519348145
PtHo 1 4.112236976623535 5.6594624519348145
PtHo 1 3.8883187770843506 5.489219665527344
PtHo 1 3.8883187770843506 5.489219665527344
PtHo 1 3.8883187770843506 5.489219665527344
PtHo 1 3.8883187770843506 5.489219665527344
PtHo 1 3.8883187770843506 5.489219665527344
PtHo 1 3.8883187770843506 5.489219665527344
PtHo 1 3.8883187770843506 5.489219665527344
PtHo 1 3.8883187770843506 5.489219665527344
PtHo 1 3.8883187770843506 5.489219665527344
PtHo 1 3.8883187770843506 5.489219665527344
PtHo 1 3.8883187770843506 5.489219665527344
PtHo 1 3.8883187770843506 5.489219665527344
PtHo 1 3.8883187770843506 5.489219665527344
PtHo 1 3.8883187770843506 5.489219665527344
PtHo 1 3.8883187770843506 5.489219665527344
PtHo 1 3.8883187770843506 5.489219665527344
PtHo 1 3.8883187770843506 5.489219665527344
PtHo 1 3.8883187770843506 5.489219665527344
PtHo 1 3.8883187770843506 5.489219665527344
PtHo 1 3.8883187770843506 5.489219665527344
PtHo 2 5.6594624519348145 5.815581321716309
PtHo 2 5.6594624519348145 5.815581321716309
PtHo 2 5.6594624519348145 5.815581321716309
PtHo 2 5.6594624519348145 5.815581321716309
PtPt 0 0.0 0.3263617157936096
PtPt 0 0.0 0.3263617157936096
PtPt 0 0.0 0.3263617157936096
PtPt 0 0.0 0.3263617157936096
PtPt 0 0.0 0.3263617157936096
PtPt 0 0.0 0.3263617157936096
PtPt 0 0.0 0.3263617157936096
PtPt 0 0.0 0.3263617157936096
PtPt 0 0.0 0.3263617157936096
PtPt 0 0.0 0.3263617157936096
PtPt 0 0.0 0.3263617157936096
PtPt 0 0.0 0.3263617157936096
PtPt 0 0.0 0.3263617157936096
PtPt 0 0.0 0.3263617157936096
PtPt 0 0.0 0.3263617157936096
PtPt 0 0.0 0.3263617157936096
PtPt 0 0.0 0.3263617157936096
PtPt 0 0.0 0.3263617157936096
PtPt 0 0.0 0.3263617157936096
PtPt 0 0.0 0.3263617157936096
PtPt 0 0.0 0.3263617157936096
PtPt 0 0.0 0.3263617157936096
PtPt 0 0.0 0.3263617157936096
PtPt 0 0.0 0.3263617157936096
PtPt 0 0.0 0.3263617157936096
PtPt 0 0.0 0.3263617157936096
PtPt 0 0.0 0.3263617157936096
PtPt 0 0.0 0.3263617157936096
PtPt 0 0.0 0.3263617157936096
PtPt 0 0.0 0.3263617157936096
PtPt 0 0.0 0.3263617157936096
PtPt 0 0.0 0.3263617157936096
PtPt 0 0.0 0.3263617157936096
PtPt 0 0.0 0.3263617157936096
PtPt 0 0.0 0.3263617157936096
PtPt 0 0.0 0.3263617157936096
PtPt 0 0.0 3.8883187770843506
PtPt 0 0.0 3.8883187770843506
PtPt 0 0.0 3.8883187770843506
PtPt 0 0.0 3.8883187770843506
PtPt 0 0.0 3.8883187770843506
PtPt 0 0.0 3.8883187770843506
PtPt 0 0.0 3.8883187770843506
PtPt 0 0.0 3.8883187770843506
PtPt 0 0.0 3.8883187770843506
PtPt 0 0.0 3.8883187770843506
PtPt 0 0.0 3.8883187770843506
PtPt 0 0.0 3.8883187770843506
PtPt 0 0.0 3.8883187770843506
PtPt 0 0.0 3.8883187770843506
PtPt 0 0.0 3.8883187770843506
PtPt 0 0.0 3.8883187770843506
PtPt 0 0.0 3.8883187770843506
PtPt 0 0.0 4.112236976623535
PtPt 0 0.0 4.112236976623535
PtPt 0 0.0 4.112236976623535
PtPt 0 0.0 4.112236976623535
PtPt 0 0.0 4.112236976623535
PtPt 0 0.0 4.112236976623535
PtPt 0 0.0 4.112236976623535
PtPt 0 0.0 4.112236976623535
PtPt 0 0.0 4.112236976623535
PtPt 0 0.0 inf
PtPt 1 4.112236976623535 5.815581321716309
PtPt 1 4.112236976623535 5.815581321716309
PtPt 1 4.112236976623535 5.815581321716309
PtPt 1 4.112236976623535 5.815581321716309
PtPt 1 4.112236976623535 5.815581321716309
PtPt 1 4.112236976623535 5.815581321716309
PtPt 1 4.112236976623535 5.815581321716309
PtPt 1 4.112236976623535 5.815581321716309
PtPt 1 4.112236976623535 5.815581321716309
PtPt 1 4.112236976623535 5.815581321716309
PtPt 1 4.112236976623535 5.815581321716309
PtPt 1 4.112236976623535 5.815581321716309
PtPt 1 3.8883187770843506 5.489219665527344
PtPt 1 3.8883187770843506 5.489219665527344
PtPt 1 3.8883187770843506 5.489219665527344
PtPt 1 3.8883187770843506 5.489219665527344
PtPt 1 3.8883187770843506 5.489219665527344
PtPt 1 3.8883187770843506 5.489219665527344
PtPt 1 3.8883187770843506 5.489219665527344
PtPt 1 3.8883187770843506 5.489219665527344
PtPt 1 3.8883187770843506 5.489219665527344
PtPt 1 3.8883187770843506 5.489219665527344
PtPt 1 3.8883187770843506 5.489219665527344
PtPt 1 3.8883187770843506 5.489219665527344
PtPt 1 3.8883187770843506 5.489219665527344
PtPt 1 3.8883187770843506 5.489219665527344
PtPt 1 3.8883187770843506 5.489219665527344
PtPt 1 3.8883187770843506 5.489219665527344
PtPt 2 5.489219665527344 5.815581321716309
PtPt 2 5.489219665527344 5.815581321716309
PtPt 2 5.489219665527344 5.815581321716309
PtPt 2 5.489219665527344 5.815581321716309
