AlAl 0 0.0 3.3717478231665154e-07
AlAl 0 0.0 4.0167365074157715
AlAl 0 0.0 4.0167365074157715
AlAl 0 0.0 4.0167365074157715
AlAl 0 0.0 4.63295316696167
AlAl 0 0.0 4.63295316696167
AlAl 0 0.0 4.63295316696167
AlAl 0 0.0 6.6181488037109375
AlAl 0 0.0 6.6181488037109375
AlAl 0 0.0 7.389760971069336
AlAl 0 0.0 7.389760971069336
AlAl 0 0.0 7.67117977142334
AlAl 0 0.0 7.67117977142334
AlAl 0 0.0 inf
AlAl 1 7.389760971069336 7.742005348205566
AlAl 1 7.009277820587158 7.593682765960693
AlAl 1 7.009277820587158 7.593682765960693
AlCo 0 0.0 3.3717478231665154e-07
AlCo 0 0.0 2.476607322692871
AlCo 0 0.0 2.476607322692871
AlCo 0 0.0 2.476607322692871
AlCo 0 0.0 2.476607322692871
AlCo 0 0.0 2.476607322692871
AlCo 0 0.0 4.0167365074157715
AlCo 0 0.0 4.0167365074157715
AlCo 0 0.0 4.0167365074157715
AlCo 0 0.0 4.63295316696167
AlCo 0 0.0 4.63295316696167
AlCo 0 0.0 4.63295316696167
AlCo 0 0.0 5.3734130859375
AlCo 0 0.0 5.3734130859375
AlCo 0 0.0 5.3734130859375
AlCo 0 0.0 5.3734130859375
AlCo 0 0.0 6.087791919708252
AlCo 0 0.0 6.8503336906433105
AlCo 0 0.0 inf
AlCo 1 6.850334644317627 7.67117977142334
AlCo 1 6.8503336906433105 7.67117977142334
AlCo 1 6.6181488037109375 7.67117977142334
AlCo 1 6.591362953186035 6.8503336906433105
AlCo 1 5.460437297821045 7.389760971069336
AlCo 2 7.009277820587158 7.593682765960693
AlAl 0 0.0 0.8408114314079285
AlAl 0 0.0 0.8408114314079285
AlAl 0 0.0 1.5427212715148926
AlAl 0 0.0 2.088529586791992
AlAl 0 0.0 3.3236207962036133
AlAl 0 0.0 3.3236207962036133
AlAl 0 0.0 3.3236207962036133
AlAl 0 0.0 3.5954678058624268
AlAl 0 0.0 3.5954678058624268
AlAl 0 0.0 4.0167365074157715
AlAl 0 0.0 4.63295316696167
AlAl 0 0.0 4.63295316696167
AlAl 0 0.0 4.696358680725098
AlAl 0 0.0 4.696358680725098
AlAl 0 0.0 5.157174110412598
AlAl 0 0.0 5.157174110412598
AlAl 0 0.0 5.652195930480957
AlAl 0 0.0 6.2219109535217285
AlAl 0 0.0 7.511660575866699
AlAl 0 0.0 7.67117977142334
AlAl 0 0.0 inf
AlAl 1 7.389760971069336 7.742005348205566
AlAl 1 7.037105083465576 7.389760971069336
AlAl 1 7.037105083465576 7.671180248260498
AlAl 1 6.105522155761719 7.593682765960693
AlAl 1 5.9596123695373535 6.339325428009033
AlAl 1 5.233150482177734 7.009277820587158
AlAl 1 4.851109027862549 7.003488540649414
AlCo 0 0.0 0.8408114314079285
AlCo 0 0.0 0.8408114314079285
AlCo 0 0.0 1.5427212715148926
AlCo 0 0.0 2.088529586791992
AlCo 0 0.0 2.476607322692871
AlCo 0 0.0 2.476607322692871
AlCo 0 0.0 2.476607322692871
AlCo 0 0.0 2.476607322692871
AlCo 0 0.0 2.476607322692871
AlCo 0 0.0 2.802572250366211
AlCo 0 0.0 2.802572250366211
AlCo 0 0.0 2.9285218715667725
AlCo 0 0.0 3.3236207962036133
AlCo 0 0.0 3.3236207962036133
AlCo 0 0.0 3.3236207962036133
AlCo 0 0.0 3.514810562133789
AlCo 0 0.0 3.514810562133789
AlCo 0 0.0 3.5954678058624268
AlCo 0 0.0 3.5954678058624268
AlCo 0 0.0 3.730989456176758
AlCo 0 0.0 3.730989456176758
AlCo 0 0.0 3.730989456176758
AlCo 0 0.0 3.730989456176758
AlCo 0 0.0 3.730989456176758
AlCo 0 0.0 4.0167365074157715
AlCo 0 0.0 4.132421016693115
AlCo 0 0.0 4.132421016693115
AlCo 0 0.0 4.357571601867676
AlCo 0 0.0 4.63295316696167
AlCo 0 0.0 4.989932537078857
AlCo 0 0.0 inf
AlCo 1 6.825543403625488 7.593682765960693
AlCo 1 5.460437297821045 6.825543403625488
AlCo 1 5.3734130859375 6.8503336906433105
AlCo 1 5.3734130859375 5.460437297821045
AlCo 1 5.3734130859375 5.460437297821045
AlCo 1 5.3734130859375 6.082943439483643
AlCo 1 5.157174110412598 6.087791919708252
AlCo 1 5.157174110412598 6.157312393188477
AlCo 1 4.63295316696167 5.460437297821045
AlCo 2 6.703418731689453 6.752871513366699
AlAl 0 0.0 0.7149844169616699
AlAl 0 0.0 0.7149844169616699
AlAl 0 0.0 0.7149844169616699
AlAl 0 0.0 1.499591588973999
AlAl 0 0.0 1.499591588973999
AlAl 0 0.0 1.499591588973999
AlAl 0 0.0 2.6832799911499023
AlAl 0 0.0 2.9592361450195312
AlAl 0 0.0 2.9592361450195312
AlAl 0 0.0 2.9592361450195312
AlAl 0 0.0 3.098141670227051
AlAl 0 0.0 3.098141670227051
AlAl 0 0.0 3.098141670227051
AlAl 0 0.0 3.098141670227051
AlAl 0 0.0 3.895552158355713
AlAl 0 0.0 3.895552158355713
AlAl 0 0.0 4.583264350891113
AlAl 0 0.0 4.583264350891113
AlAl 0 0.0 4.593534469604492
AlAl 0 0.0 4.593534469604492
AlAl 0 0.0 4.593534469604492
AlAl 0 0.0 5.620048999786377
AlAl 0 0.0 7.593682765960693
AlAl 0 0.0 inf
AlAl 1 6.168575763702393 6.17158842086792
AlAl 1 5.099965572357178 6.370058536529541
AlAl 1 5.099965572357178 5.52877140045166
AlAl 1 4.781454563140869 6.370058536529541
AlCo 0 0.0 0.7149844169616699
AlCo 0 0.0 0.7149844169616699
AlCo 0 0.0 0.7149844169616699
AlCo 0 0.0 1.499591588973999
AlCo 0 0.0 1.499591588973999
AlCo 0 0.0 1.499591588973999
AlCo 0 0.0 1.7685301303863525
AlCo 0 0.0 1.7685301303863525
AlCo 0 0.0 1.7685301303863525
AlCo 0 0.0 1.769702672958374
AlCo 0 0.0 2.0063998699188232
AlCo 0 0.0 2.0063998699188232
AlCo 0 0.0 2.6832799911499023
AlCo 0 0.0 2.9592361450195312
AlCo 0 0.0 2.9592361450195312
AlCo 0 0.0 2.9592361450195312
AlCo 0 0.0 3.036759614944458
AlCo 0 0.0 3.036759614944458
AlCo 0 0.0 3.036759614944458
AlCo 0 0.0 3.036759614944458
AlCo 0 0.0 3.098141670227051
AlCo 0 0.0 3.098141670227051
AlCo 0 0.0 3.098141670227051
AlCo 0 0.0 3.098141670227051
AlCo 0 0.0 3.635467052459717
AlCo 0 0.0 3.895552158355713
AlCo 0 0.0 4.583264350891113
AlCo 0 0.0 5.620048999786377
AlCo 0 0.0 7.593682765960693
AlCo 0 0.0 inf
AlCo 1 6.168575763702393 6.17158842086792
AlCo 1 5.2331929206848145 5.585702896118164
AlCo 1 5.099965572357178 5.3559064865112305
AlCo 1 4.568093776702881 5.52877140045166
AlCo 1 3.895552158355713 3.912822723388672
AlAl 0 0.0 0.8408114314079285
AlAl 0 0.0 0.8408114314079285
AlAl 0 0.0 0.8408114314079285
AlAl 0 0.0 0.8408114314079285
AlAl 0 0.0 0.8408114314079285
AlAl 0 0.0 0.8408114314079285
AlAl 0 0.0 0.8408114314079285
AlAl 0 0.0 0.8408114314079285
AlAl 0 0.0 0.8408114314079285
AlAl 0 0.0 0.8408114314079285
AlAl 0 0.0 2.088529586791992
AlAl 0 0.0 2.088529586791992
AlAl 0 0.0 2.088529586791992
AlAl 0 0.0 2.088529586791992
AlAl 0 0.0 2.465301752090454
AlAl 0 0.0 2.657907247543335
AlAl 0 0.0 2.657907247543335
AlAl 0 0.0 2.6832799911499023
AlAl 0 0.0 2.6832799911499023
AlAl 0 0.0 2.6832799911499023
AlAl 0 0.0 2.6832799911499023
AlAl 0 0.0 2.6832799911499023
AlAl 0 0.0 2.6832799911499023
AlAl 0 0.0 2.6832799911499023
AlAl 0 0.0 2.6832799911499023
AlAl 0 0.0 3.1413838863372803
AlAl 0 0.0 3.1413838863372803
AlAl 0 0.0 3.1413838863372803
AlAl 0 0.0 3.1413838863372803
AlAl 0 0.0 3.1413838863372803
AlAl 0 0.0 3.2555580139160156
AlAl 0 0.0 3.592883586883545
AlAl 0 0.0 3.592883586883545
AlAl 0 0.0 3.592883586883545
AlAl 0 0.0 3.592883586883545
AlAl 0 0.0 3.592883586883545
AlAl 0 0.0 3.592883586883545
AlAl 0 0.0 3.5954678058624268
AlAl 0 0.0 3.5954678058624268
AlAl 0 0.0 3.5954678058624268
AlAl 0 0.0 3.5954678058624268
AlAl 0 0.0 3.5954678058624268
AlAl 0 0.0 3.602907180786133
AlAl 0 0.0 3.649864435195923
AlAl 0 0.0 3.649864435195923
AlAl 0 0.0 3.783442258834839
AlAl 0 0.0 4.254998683929443
AlAl 0 0.0 4.46980619430542
AlAl 0 0.0 4.593534469604492
AlAl 0 0.0 inf
AlAl 1 6.315221786499023 6.6181488037109375
AlAl 1 5.3559064865112305 5.612780570983887
AlAl 1 5.3559064865112305 5.612780570983887
AlAl 1 5.139542579650879 5.612780570983887
AlAl 1 4.63295316696167 5.182624816894531
AlAl 1 4.593534469604492 4.851109027862549
AlAl 1 4.46980619430542 4.6761603355407715
AlAl 1 4.46980619430542 4.6761603355407715
AlAl 1 4.424600601196289 4.63295316696167
AlAl 1 4.424600601196289 4.766360759735107
AlAl 1 4.424600601196289 5.182624816894531
AlAl 1 4.010030746459961 5.157174110412598
AlAl 1 3.9837162494659424 4.851109027862549
AlAl 1 3.7745213508605957 4.0167365074157715
AlAl 1 3.7745213508605957 4.0167365074157715
AlAl 1 3.7745213508605957 4.0167365074157715
AlAl 1 3.649864435195923 4.010030746459961
AlAl 1 3.5954678058624268 3.6339428424835205
AlAl 1 3.5954678058624268 3.6339428424835205
AlAl 1 3.5954678058624268 3.6339428424835205
AlAl 1 3.5954678058624268 5.182624816894531
AlAl 1 2.6832799911499023 2.8119308948516846
AlAl 1 2.6832799911499023 2.8119308948516846
AlAl 1 2.6832799911499023 2.8119308948516846
AlAl 1 2.6832799911499023 2.8119308948516846
AlAl 2 7.009277820587158 7.165008068084717
AlCo 0 0.0 0.8408114314079285
AlCo 0 0.0 0.8408114314079285
AlCo 0 0.0 0.8408114314079285
AlCo 0 0.0 0.8408114314079285
AlCo 0 0.0 0.8408114314079285
AlCo 0 0.0 0.8408114314079285
AlCo 0 0.0 0.8408114314079285
AlCo 0 0.0 0.8408114314079285
AlCo 0 0.0 0.8408114314079285
AlCo 0 0.0 0.8408114314079285
AlCo 0 0.0 1.259835124015808
AlCo 0 0.0 1.259835124015808
AlCo 0 0.0 1.259835124015808
AlCo 0 0.0 1.360106110572815
AlCo 0 0.0 1.360106110572815
AlCo 0 0.0 2.0158944129943848
AlCo 0 0.0 2.0158944129943848
AlCo 0 0.0 2.088529586791992
AlCo 0 0.0 2.088529586791992
AlCo 0 0.0 2.088529586791992
AlCo 0 0.0 2.088529586791992
AlCo 0 0.0 2.465301752090454
AlCo 0 0.0 2.476607322692871
AlCo 0 0.0 2.530388355255127
AlCo 0 0.0 2.530388355255127
AlCo 0 0.0 2.530388355255127
AlCo 0 0.0 2.639620065689087
AlCo 0 0.0 2.657907247543335
AlCo 0 0.0 2.657907247543335
AlCo 0 0.0 2.6832799911499023
AlCo 0 0.0 2.6832799911499023
AlCo 0 0.0 2.6832799911499023
AlCo 0 0.0 2.6832799911499023
AlCo 0 0.0 2.6832799911499023
AlCo 0 0.0 2.6832799911499023
AlCo 0 0.0 2.6832799911499023
AlCo 0 0.0 2.6832799911499023
AlCo 0 0.0 2.802572250366211
AlCo 0 0.0 2.802572250366211
AlCo 0 0.0 2.802572250366211
AlCo 0 0.0 2.9285218715667725
AlCo 0 0.0 2.9285218715667725
AlCo 0 0.0 2.9285218715667725
AlCo 0 0.0 2.9285218715667725
AlCo 0 0.0 2.9285218715667725
AlCo 0 0.0 3.0589892864227295
AlCo 0 0.0 3.0589892864227295
AlCo 0 0.0 3.0683794021606445
AlCo 0 0.0 3.0683794021606445
AlCo 0 0.0 3.070185899734497
AlCo 0 0.0 3.1413838863372803
AlCo 0 0.0 3.1413838863372803
AlCo 0 0.0 3.1413838863372803
AlCo 0 0.0 3.232020616531372
AlCo 0 0.0 3.232020616531372
AlCo 0 0.0 3.3798439502716064
AlCo 0 0.0 3.4061360359191895
AlCo 0 0.0 3.4061360359191895
AlCo 0 0.0 3.5798914432525635
AlCo 0 0.0 3.5798914432525635
AlCo 0 0.0 3.5798914432525635
AlCo 0 0.0 3.5954678058624268
AlCo 0 0.0 3.5954678058624268
AlCo 0 0.0 3.649864435195923
AlCo 0 0.0 inf
AlCo 1 5.3559064865112305 5.612780570983887
AlCo 1 4.63295316696167 5.182624816894531
AlCo 1 4.588069438934326 4.851109027862549
AlCo 1 4.568093776702881 5.2331929206848145
AlCo 1 4.46980619430542 4.6761603355407715
AlCo 1 4.46980619430542 4.6761603355407715
AlCo 1 4.46980619430542 4.851109027862549
AlCo 1 4.424600601196289 4.766360759735107
AlCo 1 4.424600601196289 5.182624816894531
AlCo 1 4.010030746459961 5.157174110412598
AlCo 1 4.001375675201416 4.593534469604492
AlCo 1 3.9837162494659424 4.357571601867676
AlCo 1 3.649864435195923 3.912822723388672
AlCo 1 3.649864435195923 3.912822723388672
AlCo 1 3.633941650390625 3.6339428424835205
AlCo 1 3.5954678058624268 3.6339428424835205
AlCo 1 3.5954678058624268 3.6339428424835205
AlCo 1 3.5954678058624268 3.6339428424835205
AlCo 1 3.5954678058624268 4.0167365074157715
AlCo 1 3.5954678058624268 3.6339428424835205
AlCo 1 3.5954678058624268 5.182624816894531
AlCo 1 3.5954678058624268 3.6339428424835205
AlCo 1 3.5798914432525635 4.851109027862549
AlCo 1 3.5798914432525635 3.6339428424835205
AlCo 1 3.5798914432525635 3.6339428424835205
AlCo 1 3.5798914432525635 4.63295316696167
AlCo 1 3.5798914432525635 4.010030746459961
AlCo 1 3.4061360359191895 5.2331929206848145
AlCo 1 3.2555580139160156 4.730685234069824
AlCo 1 3.1413838863372803 3.9318113327026367
AlCo 1 3.1413838863372803 3.9318113327026367
AlCo 1 3.0589892864227295 3.4159274101257324
AlCo 1 2.6832799911499023 2.8119308948516846
AlCo 1 2.6832799911499023 2.8119308948516846
AlCo 1 2.6832799911499023 2.8119308948516846
AlCo 1 2.6832799911499023 2.8119308948516846
AlCo 2 5.460437297821045 5.500050067901611
AlCo 2 5.460437297821045 5.500050067901611
AlCo 2 5.3559064865112305 5.524550437927246
AlCo 2 5.3559064865112305 5.524550437927246
AlAl 0 0.0 9.5367431640625e-07
AlAl 0 0.0 0.7149844169616699
AlAl 0 0.0 0.7149844169616699
AlAl 0 0.0 0.7149844169616699
AlAl 0 0.0 0.7149844169616699
AlAl 0 0.0 1.499591588973999
AlAl 0 0.0 1.499591588973999
AlAl 0 0.0 1.499591588973999
AlAl 0 0.0 2.6832799911499023
AlAl 0 0.0 2.6832799911499023
AlAl 0 0.0 2.6832799911499023
AlAl 0 0.0 2.9592361450195312
AlAl 0 0.0 2.9592361450195312
AlAl 0 0.0 2.9592361450195312
AlAl 0 0.0 2.9592361450195312
AlAl 0 0.0 2.9592361450195312
AlAl 0 0.0 3.098141670227051
AlAl 0 0.0 3.098141670227051
AlAl 0 0.0 3.098141670227051
AlAl 0 0.0 3.098141670227051
AlAl 0 0.0 3.5954678058624268
AlAl 0 0.0 3.7416129112243652
AlAl 0 0.0 3.7416129112243652
AlAl 0 0.0 3.848986864089966
AlAl 0 0.0 3.895552158355713
AlAl 0 0.0 3.895552158355713
AlAl 0 0.0 4.003441333770752
AlAl 0 0.0 4.26772403717041
AlAl 0 0.0 4.546076774597168
AlAl 0 0.0 4.593534469604492
AlAl 0 0.0 4.781454563140869
AlAl 0 0.0 4.781454563140869
AlAl 0 0.0 5.079576015472412
AlAl 0 0.0 5.187803745269775
AlAl 0 0.0 inf
AlAl 1 5.3559064865112305 6.9001688957214355
AlAl 1 5.099965572357178 5.52877140045166
AlAl 1 5.099965572357178 5.52877140045166
AlAl 1 5.099965572357178 5.52877140045166
AlAl 1 5.079576015472412 5.928746223449707
AlAl 1 4.82974910736084 6.370058536529541
AlAl 1 4.781454563140869 6.370058536529541
AlAl 2 7.57116174697876 7.593682765960693
AlCo 0 0.0 9.5367431640625e-07
AlCo 0 0.0 0.7149844169616699
AlCo 0 0.0 0.7149844169616699
AlCo 0 0.0 0.7149844169616699
AlCo 0 0.0 0.7149844169616699
AlCo 0 0.0 1.499591588973999
AlCo 0 0.0 1.499591588973999
AlCo 0 0.0 1.499591588973999
AlCo 0 0.0 1.7685301303863525
AlCo 0 0.0 1.7685301303863525
AlCo 0 0.0 1.7685301303863525
AlCo 0 0.0 1.769702672958374
AlCo 0 0.0 1.769702672958374
AlCo 0 0.0 1.769702672958374
AlCo 0 0.0 2.3898327350616455
AlCo 0 0.0 2.530388355255127
AlCo 0 0.0 2.6832799911499023
AlCo 0 0.0 2.6832799911499023
AlCo 0 0.0 2.6832799911499023
AlCo 0 0.0 2.802572250366211
AlCo 0 0.0 2.802572250366211
AlCo 0 0.0 2.802572250366211
AlCo 0 0.0 2.9592361450195312
AlCo 0 0.0 2.9592361450195312
AlCo 0 0.0 2.9592361450195312
AlCo 0 0.0 2.9592361450195312
AlCo 0 0.0 2.9592361450195312
AlCo 0 0.0 3.036759614944458
AlCo 0 0.0 3.036759614944458
AlCo 0 0.0 3.036759614944458
AlCo 0 0.0 3.036759614944458
AlCo 0 0.0 3.098141670227051
AlCo 0 0.0 3.098141670227051
AlCo 0 0.0 3.098141670227051
AlCo 0 0.0 3.098141670227051
AlCo 0 0.0 3.3023691177368164
AlCo 0 0.0 3.3023691177368164
AlCo 0 0.0 3.5064289569854736
AlCo 0 0.0 3.5798914432525635
AlCo 0 0.0 3.5798914432525635
AlCo 0 0.0 3.5954678058624268
AlCo 0 0.0 3.669804811477661
AlCo 0 0.0 3.7416129112243652
AlCo 0 0.0 3.848986864089966
AlCo 0 0.0 4.26772403717041
AlCo 0 0.0 5.137563228607178
AlCo 0 0.0 inf
AlCo 1 5.187803745269775 6.590870380401611
AlCo 1 5.099965572357178 5.156426906585693
AlCo 1 5.099965572357178 5.156426906585693
AlCo 1 5.079576015472412 5.676296710968018
AlCo 1 4.989932537078857 5.460437297821045
AlCo 1 4.989932537078857 5.701241493225098
AlCo 1 4.923254489898682 5.156426906585693
AlCo 1 4.243639945983887 5.187803745269775
AlCo 1 4.212442874908447 5.3559064865112305
AlCo 1 4.003441333770752 4.739552974700928
AlCo 1 3.895552158355713 5.3559064865112305
AlCo 1 3.7416129112243652 3.895552158355713
AlCo 1 3.669804811477661 3.912822723388672
AlCo 1 3.0589892864227295 3.9318113327026367
AlCo 2 7.221107006072998 7.593682765960693
AlAl 0 0.0 1.5427212715148926
AlAl 0 0.0 1.5427212715148926
AlAl 0 0.0 2.9592361450195312
AlAl 0 0.0 2.9592361450195312
AlAl 0 0.0 2.9592361450195312
AlAl 0 0.0 2.9592361450195312
AlAl 0 0.0 3.098141670227051
AlAl 0 0.0 3.098141670227051
AlAl 0 0.0 3.4774606227874756
AlAl 0 0.0 3.7153313159942627
AlAl 0 0.0 3.895552158355713
AlAl 0 0.0 3.9113378524780273
AlAl 0 0.0 3.9113378524780273
AlAl 0 0.0 3.9113378524780273
AlAl 0 0.0 3.9901106357574463
AlAl 0 0.0 3.9901106357574463
AlAl 0 0.0 4.003441333770752
AlAl 0 0.0 4.003441333770752
AlAl 0 0.0 4.003441333770752
AlAl 0 0.0 4.26772403717041
AlAl 0 0.0 4.546076774597168
AlAl 0 0.0 4.781454563140869
AlAl 0 0.0 5.067041397094727
AlAl 0 0.0 6.050961971282959
AlAl 0 0.0 inf
AlAl 1 7.593682765960693 7.826087951660156
AlAl 1 5.099965572357178 5.52877140045166
AlAl 1 5.099965572357178 5.52877140045166
AlAl 1 4.781454563140869 6.991800785064697
AlAl 1 4.546076774597168 6.940674781799316
AlCo 0 0.0 1.5427212715148926
AlCo 0 0.0 1.5427212715148926
AlCo 0 0.0 1.769702672958374
AlCo 0 0.0 1.769702672958374
AlCo 0 0.0 1.769702672958374
AlCo 0 0.0 1.769702672958374
AlCo 0 0.0 2.476607322692871
AlCo 0 0.0 2.802572250366211
AlCo 0 0.0 2.802572250366211
AlCo 0 0.0 2.802572250366211
AlCo 0 0.0 2.802572250366211
AlCo 0 0.0 2.9592361450195312
AlCo 0 0.0 2.9592361450195312
AlCo 0 0.0 2.9592361450195312
AlCo 0 0.0 2.9592361450195312
AlCo 0 0.0 3.036759614944458
AlCo 0 0.0 3.036759614944458
AlCo 0 0.0 3.098141670227051
AlCo 0 0.0 3.098141670227051
AlCo 0 0.0 3.3023691177368164
AlCo 0 0.0 3.3023691177368164
AlCo 0 0.0 3.4774606227874756
AlCo 0 0.0 3.669804811477661
AlCo 0 0.0 3.738999366760254
AlCo 0 0.0 3.738999366760254
AlCo 0 0.0 3.9113378524780273
AlCo 0 0.0 3.9113378524780273
AlCo 0 0.0 3.9113378524780273
AlCo 0 0.0 3.9901106357574463
AlCo 0 0.0 4.212442874908447
AlCo 0 0.0 5.067041397094727
AlCo 0 0.0 6.050961971282959
AlCo 0 0.0 inf
AlCo 1 7.593682765960693 7.797170639038086
AlCo 1 7.593682765960693 7.826087951660156
AlCo 1 7.1821980476379395 7.221107006072998
AlCo 1 5.099965572357178 5.156426906585693
AlCo 1 5.099965572357178 5.156426906585693
AlCo 1 4.26772403717041 4.546076774597168
AlCo 1 4.212442874908447 6.850334644317627
AlCo 1 4.212442874908447 5.981895446777344
AlCo 1 4.003441333770752 4.739552974700928
AlCo 1 4.003441333770752 4.739552974700928
AlCo 1 4.003441333770752 4.799047470092773
AlCo 2 7.268293380737305 7.593682765960693
AlAl 0 0.0 0.7149844169616699
AlAl 0 0.0 0.7149844169616699
AlAl 0 0.0 0.7149844169616699
AlAl 0 0.0 0.7149844169616699
AlAl 0 0.0 0.8408114314079285
AlAl 0 0.0 0.8408114314079285
AlAl 0 0.0 0.8408114314079285
AlAl 0 0.0 0.8408114314079285
AlAl 0 0.0 0.8408114314079285
AlAl 0 0.0 0.8408114314079285
AlAl 0 0.0 0.8408114314079285
AlAl 0 0.0 0.8408114314079285
AlAl 0 0.0 0.8408114314079285
AlAl 0 0.0 0.8408114314079285
AlAl 0 0.0 1.3100775480270386
AlAl 0 0.0 1.499591588973999
AlAl 0 0.0 1.499591588973999
AlAl 0 0.0 1.5427212715148926
AlAl 0 0.0 1.5427212715148926
AlAl 0 0.0 2.657907247543335
AlAl 0 0.0 2.6832799911499023
AlAl 0 0.0 2.6832799911499023
AlAl 0 0.0 2.6832799911499023
AlAl 0 0.0 2.6832799911499023
AlAl 0 0.0 2.6832799911499023
AlAl 0 0.0 2.6832799911499023
AlAl 0 0.0 2.6832799911499023
AlAl 0 0.0 2.9592361450195312
AlAl 0 0.0 2.969284772872925
AlAl 0 0.0 3.0264322757720947
AlAl 0 0.0 3.0264322757720947
AlAl 0 0.0 3.1413838863372803
AlAl 0 0.0 3.1413838863372803
AlAl 0 0.0 3.3236207962036133
AlAl 0 0.0 3.3236207962036133
AlAl 0 0.0 3.3236207962036133
AlAl 0 0.0 3.3236207962036133
AlAl 0 0.0 3.592883586883545
AlAl 0 0.0 3.592883586883545
AlAl 0 0.0 3.5954678058624268
AlAl 0 0.0 3.5954678058624268
AlAl 0 0.0 3.5954678058624268
AlAl 0 0.0 3.602907180786133
AlAl 0 0.0 3.602907180786133
AlAl 0 0.0 3.7153313159942627
AlAl 0 0.0 3.8135318756103516
AlAl 0 0.0 3.8135318756103516
AlAl 0 0.0 4.010030746459961
AlAl 0 0.0 4.46980619430542
AlAl 0 0.0 inf
AlAl 1 5.691501617431641 5.7532734870910645
AlAl 1 5.691501617431641 6.625910758972168
AlAl 1 5.099965572357178 5.612780570983887
AlAl 1 4.851109027862549 5.079576015472412
AlAl 1 4.851109027862549 5.42150354385376
AlAl 1 4.593534469604492 4.851109027862549
AlAl 1 4.546076774597168 5.612780570983887
AlAl 1 4.010030746459961 4.224132537841797
AlAl 1 3.8135318756103516 3.9113378524780273
AlAl 1 3.649864435195923 4.010030746459961
AlAl 1 3.5954678058624268 3.6339428424835205
AlAl 1 3.5954678058624268 3.6339428424835205
AlAl 1 2.6832799911499023 2.8119308948516846
AlAl 1 2.6832799911499023 2.8119308948516846
AlAl 1 2.6832799911499023 2.8119308948516846
AlAl 1 2.6832799911499023 2.8119308948516846
AlAl 2 6.720205307006836 7.003488540649414
AlCo 0 0.0 0.7149844169616699
AlCo 0 0.0 0.7149844169616699
AlCo 0 0.0 0.7149844169616699
AlCo 0 0.0 0.7149844169616699
AlCo 0 0.0 0.8408114314079285
AlCo 0 0.0 0.8408114314079285
AlCo 0 0.0 0.8408114314079285
AlCo 0 0.0 0.8408114314079285
AlCo 0 0.0 0.8408114314079285
AlCo 0 0.0 0.8408114314079285
AlCo 0 0.0 0.8408114314079285
AlCo 0 0.0 0.8408114314079285
AlCo 0 0.0 0.8408114314079285
AlCo 0 0.0 0.8408114314079285
AlCo 0 0.0 1.259835124015808
AlCo 0 0.0 1.3100775480270386
AlCo 0 0.0 1.499591588973999
AlCo 0 0.0 1.499591588973999
AlCo 0 0.0 1.5427212715148926
AlCo 0 0.0 1.5427212715148926
AlCo 0 0.0 2.3898327350616455
AlCo 0 0.0 2.476607322692871
AlCo 0 0.0 2.530388355255127
AlCo 0 0.0 2.530388355255127
AlCo 0 0.0 2.639620065689087
AlCo 0 0.0 2.657907247543335
AlCo 0 0.0 2.6832799911499023
AlCo 0 0.0 2.6832799911499023
AlCo 0 0.0 2.6832799911499023
AlCo 0 0.0 2.6832799911499023
AlCo 0 0.0 2.6832799911499023
AlCo 0 0.0 2.6832799911499023
AlCo 0 0.0 2.6832799911499023
AlCo 0 0.0 2.802572250366211
AlCo 0 0.0 2.802572250366211
AlCo 0 0.0 2.802572250366211
AlCo 0 0.0 2.802572250366211
AlCo 0 0.0 2.9285218715667725
AlCo 0 0.0 2.9592361450195312
AlCo 0 0.0 2.969284772872925
AlCo 0 0.0 3.0264322757720947
AlCo 0 0.0 3.0264322757720947
AlCo 0 0.0 3.0589892864227295
AlCo 0 0.0 3.0589892864227295
AlCo 0 0.0 3.1413838863372803
AlCo 0 0.0 3.232020616531372
AlCo 0 0.0 3.232020616531372
AlCo 0 0.0 3.3236207962036133
AlCo 0 0.0 3.3236207962036133
AlCo 0 0.0 3.3236207962036133
AlCo 0 0.0 3.3236207962036133
AlCo 0 0.0 3.4061360359191895
AlCo 0 0.0 3.5798914432525635
AlCo 0 0.0 3.5798914432525635
AlCo 0 0.0 3.602907180786133
AlCo 0 0.0 3.8135318756103516
AlCo 0 0.0 3.8135318756103516
AlCo 0 0.0 inf
AlCo 1 5.691501617431641 5.7532734870910645
AlCo 1 5.691501617431641 5.958852291107178
AlCo 1 4.851109027862549 5.079576015472412
AlCo 1 4.851109027862549 5.42150354385376
AlCo 1 4.568093776702881 5.2331929206848145
AlCo 1 4.46980619430542 4.794284343719482
AlCo 1 4.212442874908447 5.60767126083374
AlCo 1 4.010030746459961 4.224132537841797
AlCo 1 4.010030746459961 4.730685234069824
AlCo 1 4.001375675201416 4.593534469604492
AlCo 1 3.8135318756103516 3.9113378524780273
AlCo 1 3.649864435195923 4.010030746459961
AlCo 1 3.5954678058624268 3.6339428424835205
AlCo 1 3.5954678058624268 3.6339428424835205
AlCo 1 3.5954678058624268 4.445010662078857
AlCo 1 3.5954678058624268 3.6339428424835205
AlCo 1 3.5954678058624268 3.6339428424835205
AlCo 1 3.1413838863372803 3.9318113327026367
AlCo 1 3.0589892864227295 3.9318113327026367
AlCo 1 3.0589892864227295 3.9318113327026367
AlCo 1 2.6832799911499023 2.8119308948516846
AlCo 1 2.6832799911499023 2.8119308948516846
AlCo 1 2.6832799911499023 2.8119308948516846
AlCo 1 2.6832799911499023 2.8119308948516846
AlCo 2 5.612780570983887 6.370058536529541
AlCo 2 5.3559064865112305 5.524550437927246
AlAl 0 0.0 0.7149844169616699
AlAl 0 0.0 1.499591588973999
AlAl 0 0.0 1.499591588973999
AlAl 0 0.0 1.499591588973999
AlAl 0 0.0 1.499591588973999
AlAl 0 0.0 1.499591588973999
AlAl 0 0.0 1.499591588973999
AlAl 0 0.0 2.9592361450195312
AlAl 0 0.0 3.098141670227051
AlAl 0 0.0 3.098141670227051
AlAl 0 0.0 3.592883586883545
AlAl 0 0.0 3.592883586883545
AlAl 0 0.0 3.5954678058624268
AlAl 0 0.0 3.8131263256073
AlAl 0 0.0 3.8131263256073
AlAl 0 0.0 3.8131263256073
AlAl 0 0.0 3.848986864089966
AlAl 0 0.0 3.9837162494659424
AlAl 0 0.0 4.0167365074157715
AlAl 0 0.0 4.583264350891113
AlAl 0 0.0 4.583264350891113
AlAl 0 0.0 4.583264350891113
AlAl 0 0.0 4.593534469604492
AlAl 0 0.0 5.079576015472412
AlAl 0 0.0 5.620048999786377
AlAl 0 0.0 6.332910537719727
AlAl 0 0.0 inf
AlAl 1 7.559813022613525 7.593682765960693
AlAl 1 6.332910537719727 7.559813022613525
AlAl 1 6.168575763702393 6.17158842086792
AlAl 1 6.168575763702393 6.17158842086792
AlAl 1 5.620048999786377 7.590959548950195
AlAl 1 4.781454563140869 6.991800785064697
AlAl 1 4.63295316696167 5.182624816894531
AlAl 1 4.140430927276611 4.583264350891113
AlAl 2 7.663027286529541 7.67117977142334
AlAl 2 7.593682765960693 7.671180248260498
AlAl 2 7.590959548950195 7.663027286529541
AlCo 0 0.0 0.7149844169616699
AlCo 0 0.0 1.499591588973999
AlCo 0 0.0 1.499591588973999
AlCo 0 0.0 1.499591588973999
AlCo 0 0.0 1.499591588973999
AlCo 0 0.0 1.499591588973999
AlCo 0 0.0 1.499591588973999
AlCo 0 0.0 1.7685301303863525
AlCo 0 0.0 2.0063998699188232
AlCo 0 0.0 2.253535032272339
AlCo 0 0.0 2.3898327350616455
AlCo 0 0.0 2.9592361450195312
AlCo 0 0.0 3.036759614944458
AlCo 0 0.0 3.036759614944458
AlCo 0 0.0 3.098141670227051
AlCo 0 0.0 3.098141670227051
AlCo 0 0.0 3.592883586883545
AlCo 0 0.0 3.592883586883545
AlCo 0 0.0 3.5954678058624268
AlCo 0 0.0 3.8131263256073
AlCo 0 0.0 3.8131263256073
AlCo 0 0.0 3.8131263256073
AlCo 0 0.0 3.848986864089966
AlCo 0 0.0 3.912822723388672
AlCo 0 0.0 3.9837162494659424
AlCo 0 0.0 3.9888973236083984
AlCo 0 0.0 4.0167365074157715
AlCo 0 0.0 4.263771057128906
AlCo 0 0.0 4.409140110015869
AlCo 0 0.0 4.568093776702881
AlCo 0 0.0 4.583264350891113
AlCo 0 0.0 5.079576015472412
AlCo 0 0.0 inf
AlCo 1 6.332910537719727 7.042169094085693
AlCo 1 6.157312393188477 6.17158842086792
AlCo 1 5.620048999786377 6.371917724609375
AlCo 1 5.2331929206848145 5.799252033233643
AlCo 1 4.807508945465088 6.17158842086792
AlCo 1 4.63295316696167 5.182624816894531
AlCo 1 4.583264350891113 5.585702896118164
AlCo 1 4.568093776702881 4.583264350891113
AlCo 1 4.263771057128906 4.527236461639404
AlCo 1 4.140430927276611 4.583264350891113
AlCo 2 7.118731498718262 7.663027286529541
AlCo 2 6.425220012664795 6.890659809112549
AlAl 0 0.0 1.3486991292666062e-06
AlAl 0 0.0 0.8408114314079285
AlAl 0 0.0 0.8408114314079285
AlAl 0 0.0 0.8408114314079285
AlAl 0 0.0 0.8408114314079285
AlAl 0 0.0 0.8408114314079285
AlAl 0 0.0 0.8408114314079285
AlAl 0 0.0 0.8408114314079285
AlAl 0 0.0 0.8408114314079285
AlAl 0 0.0 0.8408114314079285
AlAl 0 0.0 0.8408114314079285
AlAl 0 0.0 0.8408114314079285
AlAl 0 0.0 1.499591588973999
AlAl 0 0.0 2.088529586791992
AlAl 0 0.0 2.088529586791992
AlAl 0 0.0 2.6832799911499023
AlAl 0 0.0 2.6832799911499023
AlAl 0 0.0 3.1413838863372803
AlAl 0 0.0 3.1413838863372803
AlAl 0 0.0 3.5954678058624268
AlAl 0 0.0 3.7460103034973145
AlAl 0 0.0 3.7460103034973145
AlAl 0 0.0 4.119231224060059
AlAl 0 0.0 4.119231224060059
AlAl 0 0.0 4.119231224060059
AlAl 0 0.0 4.119231224060059
AlAl 0 0.0 4.26772403717041
AlAl 0 0.0 4.838229656219482
AlAl 0 0.0 4.851109027862549
AlAl 0 0.0 4.851109027862549
AlAl 0 0.0 5.182624816894531
AlAl 0 0.0 5.182624816894531
AlAl 0 0.0 5.3559064865112305
AlAl 0 0.0 inf
AlAl 1 7.165008068084717 7.67117977142334
AlAl 1 7.1650071144104 7.67117977142334
AlAl 1 6.147345066070557 6.752871513366699
AlAl 1 6.147345066070557 7.093027591705322
AlAl 1 5.880101203918457 6.631563186645508
AlAl 1 5.880101203918457 7.1650071144104
AlAl 1 5.3559064865112305 5.42150354385376
AlAl 1 5.182624816894531 6.752871513366699
AlAl 1 4.851109027862549 5.099965572357178
AlAl 1 4.26772403717041 4.349761962890625
AlAl 1 2.6832799911499023 2.8119308948516846
AlAl 1 2.6832799911499023 2.8119308948516846
AlAl 1 1.499591588973999 1.7192262411117554
AlAl 2 7.67117977142334 7.671180248260498
AlCo 0 0.0 1.3486991292666062e-06
AlCo 0 0.0 0.8408114314079285
AlCo 0 0.0 0.8408114314079285
AlCo 0 0.0 0.8408114314079285
AlCo 0 0.0 0.8408114314079285
AlCo 0 0.0 0.8408114314079285
AlCo 0 0.0 0.8408114314079285
AlCo 0 0.0 0.8408114314079285
AlCo 0 0.0 0.8408114314079285
AlCo 0 0.0 0.8408114314079285
AlCo 0 0.0 0.8408114314079285
AlCo 0 0.0 0.8408114314079285
AlCo 0 0.0 1.499591588973999
AlCo 0 0.0 2.088529586791992
AlCo 0 0.0 2.088529586791992
AlCo 0 0.0 2.6832799911499023
AlCo 0 0.0 2.6832799911499023
AlCo 0 0.0 2.9285218715667725
AlCo 0 0.0 2.9285218715667725
AlCo 0 0.0 3.1413838863372803
AlCo 0 0.0 3.1413838863372803
AlCo 0 0.0 3.3798439502716064
AlCo 0 0.0 3.3798439502716064
AlCo 0 0.0 3.3798439502716064
AlCo 0 0.0 3.3798439502716064
AlCo 0 0.0 3.4061360359191895
AlCo 0 0.0 3.4061360359191895
AlCo 0 0.0 3.4061360359191895
AlCo 0 0.0 3.5798914432525635
AlCo 0 0.0 3.5798914432525635
AlCo 0 0.0 3.5798914432525635
AlCo 0 0.0 3.5798914432525635
AlCo 0 0.0 3.5798914432525635
AlCo 0 0.0 3.5798914432525635
AlCo 0 0.0 3.5798914432525635
AlCo 0 0.0 3.5798914432525635
AlCo 0 0.0 3.730989456176758
AlCo 0 0.0 3.730989456176758
AlCo 0 0.0 3.730989456176758
AlCo 0 0.0 4.0580596923828125
AlCo 0 0.0 4.119231224060059
AlCo 0 0.0 4.119231224060059
AlCo 0 0.0 4.119231224060059
AlCo 0 0.0 4.292680263519287
AlCo 0 0.0 4.292680263519287
AlCo 0 0.0 inf
AlCo 1 5.880101203918457 6.315221786499023
AlCo 1 5.880101203918457 7.1650071144104
AlCo 1 4.851109027862549 7.093027591705322
AlCo 1 4.838229656219482 4.851109027862549
AlCo 1 4.588069438934326 7.593682765960693
AlCo 1 4.588069438934326 5.42150354385376
AlCo 1 4.357571601867676 6.710206031799316
AlCo 1 4.26772403717041 4.349761962890625
AlCo 1 4.26772403717041 4.807508945465088
AlCo 1 4.119231224060059 4.447930335998535
AlCo 1 4.0580596923828125 4.807508945465088
AlCo 1 3.7460103034973145 4.730685234069824
AlCo 1 3.7460103034973145 5.099965572357178
AlCo 1 3.674571990966797 4.0167365074157715
AlCo 1 3.5954678058624268 4.0167365074157715
AlCo 1 2.6832799911499023 2.8119308948516846
AlCo 1 2.6832799911499023 2.8119308948516846
AlCo 1 1.499591588973999 1.7192262411117554
AlCo 2 7.593682765960693 7.671180248260498
AlCo 2 7.593682765960693 7.671180248260498
AlAl 0 0.0 0.7149844169616699
AlAl 0 0.0 0.7149844169616699
AlAl 0 0.0 0.8408114314079285
AlAl 0 0.0 0.8408114314079285
AlAl 0 0.0 0.8408114314079285
AlAl 0 0.0 0.8408114314079285
AlAl 0 0.0 0.8408114314079285
AlAl 0 0.0 0.8408114314079285
AlAl 0 0.0 0.8408114314079285
AlAl 0 0.0 0.8408114314079285
AlAl 0 0.0 0.8408114314079285
AlAl 0 0.0 0.8408114314079285
AlAl 0 0.0 0.8408114314079285
AlAl 0 0.0 0.8408114314079285
AlAl 0 0.0 1.499591588973999
AlAl 0 0.0 1.499591588973999
AlAl 0 0.0 1.499591588973999
AlAl 0 0.0 1.499591588973999
AlAl 0 0.0 2.2285640239715576
AlAl 0 0.0 2.2285640239715576
AlAl 0 0.0 2.2285640239715576
AlAl 0 0.0 2.2285640239715576
AlAl 0 0.0 3.098141670227051
AlAl 0 0.0 3.098141670227051
AlAl 0 0.0 3.278620481491089
AlAl 0 0.0 4.003441333770752
AlAl 0 0.0 4.10806941986084
AlAl 0 0.0 4.149184226989746
AlAl 0 0.0 4.149184226989746
AlAl 0 0.0 4.593534469604492
AlAl 0 0.0 4.593534469604492
AlAl 0 0.0 5.079576015472412
AlAl 0 0.0 5.503688335418701
AlAl 0 0.0 6.752871513366699
AlAl 0 0.0 inf
AlAl 1 7.67117977142334 7.671180248260498
AlAl 1 7.67117977142334 7.671180248260498
AlAl 1 6.752871513366699 6.917373180389404
AlAl 1 6.715258598327637 6.956195831298828
AlAl 1 5.099965572357178 5.168811321258545
AlAl 1 5.099965572357178 5.174623966217041
AlAl 1 4.781454563140869 6.065234184265137
AlAl 1 4.26772403717041 4.349761962890625
AlAl 1 4.003441333770752 4.09078311920166
AlAl 1 1.499591588973999 1.7192262411117554
AlAl 1 1.499591588973999 1.7192262411117554
AlAl 1 1.499591588973999 1.7192262411117554
AlAl 2 7.717121601104736 7.7171220779418945
AlCo 0 0.0 0.7149844169616699
AlCo 0 0.0 0.7149844169616699
AlCo 0 0.0 0.8408114314079285
AlCo 0 0.0 0.8408114314079285
AlCo 0 0.0 0.8408114314079285
AlCo 0 0.0 0.8408114314079285
AlCo 0 0.0 0.8408114314079285
AlCo 0 0.0 0.8408114314079285
AlCo 0 0.0 0.8408114314079285
AlCo 0 0.0 0.8408114314079285
AlCo 0 0.0 0.8408114314079285
AlCo 0 0.0 0.8408114314079285
AlCo 0 0.0 0.8408114314079285
AlCo 0 0.0 0.8408114314079285
AlCo 0 0.0 1.499591588973999
AlCo 0 0.0 1.499591588973999
AlCo 0 0.0 1.499591588973999
AlCo 0 0.0 1.499591588973999
AlCo 0 0.0 1.7685301303863525
AlCo 0 0.0 1.7685301303863525
AlCo 0 0.0 1.769702672958374
AlCo 0 0.0 2.2285640239715576
AlCo 0 0.0 2.2285640239715576
AlCo 0 0.0 2.2285640239715576
AlCo 0 0.0 2.2285640239715576
AlCo 0 0.0 2.253535032272339
AlCo 0 0.0 2.253535032272339
AlCo 0 0.0 2.3898327350616455
AlCo 0 0.0 3.036759614944458
AlCo 0 0.0 3.036759614944458
AlCo 0 0.0 3.036759614944458
AlCo 0 0.0 3.098141670227051
AlCo 0 0.0 3.098141670227051
AlCo 0 0.0 3.278620481491089
AlCo 0 0.0 3.5064289569854736
AlCo 0 0.0 3.5798914432525635
AlCo 0 0.0 3.5798914432525635
AlCo 0 0.0 4.003441333770752
AlCo 0 0.0 4.149184226989746
AlCo 0 0.0 4.409140110015869
AlCo 0 0.0 4.409140110015869
AlCo 0 0.0 4.409140110015869
AlCo 0 0.0 4.409140110015869
AlCo 0 0.0 4.807508945465088
AlCo 0 0.0 5.481971263885498
AlCo 0 0.0 inf
AlCo 1 5.481971263885498 6.2699737548828125
AlCo 1 5.099965572357178 5.168811321258545
AlCo 1 5.099965572357178 5.174623966217041
AlCo 1 4.807508945465088 6.17158842086792
AlCo 1 4.807508945465088 6.17158842086792
AlCo 1 4.807508945465088 6.752871513366699
AlCo 1 4.807508945465088 5.187803745269775
AlCo 1 4.521930694580078 5.585702896118164
AlCo 1 4.26772403717041 4.349761962890625
AlCo 1 4.243639945983887 4.409140110015869
AlCo 1 4.149184226989746 5.3559064865112305
AlCo 1 4.003441333770752 4.09078311920166
AlCo 1 3.220742702484131 3.5064289569854736
AlCo 1 1.499591588973999 1.7192262411117554
AlCo 1 1.499591588973999 1.7192262411117554
AlCo 1 1.499591588973999 1.7192262411117554
AlCo 2 7.671180248260498 7.784151554107666
AlCo 2 6.752871513366699 6.917373180389404
AlCo 2 6.17158842086792 6.228600978851318
AlCo 2 6.17158842086792 6.228600978851318
AlCo 2 5.3559064865112305 5.42150354385376
AlAl 0 0.0 0.7149844169616699
AlAl 0 0.0 0.8408114314079285
AlAl 0 0.0 0.8408114314079285
AlAl 0 0.0 0.8408114314079285
AlAl 0 0.0 0.8408114314079285
AlAl 0 0.0 0.8408114314079285
AlAl 0 0.0 0.8408114314079285
AlAl 0 0.0 0.8408114314079285
AlAl 0 0.0 0.8408114314079285
AlAl 0 0.0 0.8408114314079285
AlAl 0 0.0 0.8408114314079285
AlAl 0 0.0 1.5427212715148926
AlAl 0 0.0 1.5427212715148926
AlAl 0 0.0 1.5427212715148926
AlAl 0 0.0 2.088529586791992
AlAl 0 0.0 2.088529586791992
AlAl 0 0.0 2.088529586791992
AlAl 0 0.0 2.465301752090454
AlAl 0 0.0 2.465301752090454
AlAl 0 0.0 2.465301752090454
AlAl 0 0.0 2.465301752090454
AlAl 0 0.0 2.6832799911499023
AlAl 0 0.0 2.6832799911499023
AlAl 0 0.0 3.0264322757720947
AlAl 0 0.0 3.0264322757720947
AlAl 0 0.0 3.1305792331695557
AlAl 0 0.0 3.1305792331695557
AlAl 0 0.0 3.2555580139160156
AlAl 0 0.0 3.2555580139160156
AlAl 0 0.0 3.3236207962036133
AlAl 0 0.0 3.3236207962036133
AlAl 0 0.0 3.3236207962036133
AlAl 0 0.0 3.592883586883545
AlAl 0 0.0 3.592883586883545
AlAl 0 0.0 3.592883586883545
AlAl 0 0.0 3.5954678058624268
AlAl 0 0.0 3.5954678058624268
AlAl 0 0.0 3.5954678058624268
AlAl 0 0.0 3.5954678058624268
AlAl 0 0.0 3.602907180786133
AlAl 0 0.0 3.602907180786133
AlAl 0 0.0 3.602907180786133
AlAl 0 0.0 3.602907180786133
AlAl 0 0.0 3.7153313159942627
AlAl 0 0.0 4.010030746459961
AlAl 0 0.0 4.5477213859558105
AlAl 0 0.0 inf
AlAl 1 6.2219109535217285 6.940674781799316
AlAl 1 4.756502628326416 5.612780570983887
AlAl 1 4.254998683929443 5.321036338806152
AlAl 1 4.140430927276611 4.149184226989746
AlAl 1 4.010030746459961 4.224132537841797
AlAl 1 4.010030746459961 5.157174110412598
AlAl 1 3.9837162494659424 4.851109027862549
AlAl 1 3.8135318756103516 5.157174110412598
AlAl 1 3.7153313159942627 4.851109027862549
AlAl 1 3.7153313159942627 4.851109027862549
AlAl 1 3.0264322757720947 3.3236207962036133
AlAl 1 3.0264322757720947 3.3236207962036133
AlAl 1 2.6832799911499023 2.8119308948516846
AlAl 1 2.6832799911499023 2.8119308948516846
AlAl 2 7.67117977142334 7.6866631507873535
AlAl 2 7.67117977142334 7.717121601104736
AlAl 2 5.844558238983154 6.339325428009033
AlCo 0 0.0 0.7149844169616699
AlCo 0 0.0 0.8408114314079285
AlCo 0 0.0 0.8408114314079285
AlCo 0 0.0 0.8408114314079285
AlCo 0 0.0 0.8408114314079285
AlCo 0 0.0 0.8408114314079285
AlCo 0 0.0 0.8408114314079285
AlCo 0 0.0 0.8408114314079285
AlCo 0 0.0 0.8408114314079285
AlCo 0 0.0 0.8408114314079285
AlCo 0 0.0 0.8408114314079285
AlCo 0 0.0 1.5427212715148926
AlCo 0 0.0 1.5427212715148926
AlCo 0 0.0 1.5427212715148926
AlCo 0 0.0 2.088529586791992
AlCo 0 0.0 2.088529586791992
AlCo 0 0.0 2.088529586791992
AlCo 0 0.0 2.253535032272339
AlCo 0 0.0 2.253535032272339
AlCo 0 0.0 2.3517348766326904
AlCo 0 0.0 2.3517348766326904
AlCo 0 0.0 2.3517348766326904
AlCo 0 0.0 2.465301752090454
AlCo 0 0.0 2.465301752090454
AlCo 0 0.0 2.465301752090454
AlCo 0 0.0 2.465301752090454
AlCo 0 0.0 2.476607322692871
AlCo 0 0.0 2.476607322692871
AlCo 0 0.0 2.476607322692871
AlCo 0 0.0 2.476607322692871
AlCo 0 0.0 2.476607322692871
AlCo 0 0.0 2.476607322692871
AlCo 0 0.0 2.639620065689087
AlCo 0 0.0 2.639620065689087
AlCo 0 0.0 2.639620065689087
AlCo 0 0.0 2.639620065689087
AlCo 0 0.0 2.639620065689087
AlCo 0 0.0 2.6832799911499023
AlCo 0 0.0 2.6832799911499023
AlCo 0 0.0 2.802572250366211
AlCo 0 0.0 2.802572250366211
AlCo 0 0.0 2.802572250366211
AlCo 0 0.0 2.802572250366211
AlCo 0 0.0 2.9285218715667725
AlCo 0 0.0 2.9285218715667725
AlCo 0 0.0 2.9285218715667725
AlCo 0 0.0 3.0264322757720947
AlCo 0 0.0 3.0264322757720947
AlCo 0 0.0 3.0589892864227295
AlCo 0 0.0 3.0589892864227295
AlCo 0 0.0 3.0589892864227295
AlCo 0 0.0 3.0589892864227295
AlCo 0 0.0 3.070185899734497
AlCo 0 0.0 3.220742702484131
AlCo 0 0.0 3.232020616531372
AlCo 0 0.0 3.232020616531372
AlCo 0 0.0 3.232020616531372
AlCo 0 0.0 3.3236207962036133
AlCo 0 0.0 3.3236207962036133
AlCo 0 0.0 3.5954678058624268
AlCo 0 0.0 3.5954678058624268
AlCo 0 0.0 4.132421016693115
AlCo 0 0.0 inf
AlCo 1 6.2219109535217285 6.418681621551514
AlCo 1 5.60767126083374 5.680958271026611
AlCo 1 4.5477213859558105 5.2331929206848145
AlCo 1 4.132421016693115 4.263771057128906
AlCo 1 4.010030746459961 4.224132537841797
AlCo 1 4.010030746459961 4.63295316696167
AlCo 1 4.010030746459961 5.157174110412598
AlCo 1 3.8135318756103516 5.157174110412598
AlCo 1 3.5954678058624268 4.149184226989746
AlCo 1 3.5954678058624268 4.409140110015869
AlCo 1 3.592883586883545 4.851109027862549
AlCo 1 3.592883586883545 4.409140110015869
AlCo 1 3.592883586883545 4.851109027862549
AlCo 1 3.3236207962036133 4.851109027862549
AlCo 1 3.2555580139160156 3.912822723388672
AlCo 1 3.2555580139160156 3.912822723388672
AlCo 1 3.220742702484131 4.263771057128906
AlCo 1 3.220742702484131 3.5798914432525635
AlCo 1 3.1466591358184814 3.730989456176758
AlCo 1 3.0264322757720947 3.3236207962036133
AlCo 1 3.0264322757720947 3.3236207962036133
AlCo 1 2.6832799911499023 2.8119308948516846
AlCo 1 2.6832799911499023 2.8119308948516846
AlCo 2 5.958852291107178 6.374149322509766
AlCo 2 5.3559064865112305 5.42150354385376
AlCo 2 4.90831184387207 5.08371114730835
AlAl 0 0.0 0.8408114314079285
AlAl 0 0.0 0.8408114314079285
AlAl 0 0.0 0.8408114314079285
AlAl 0 0.0 0.8408114314079285
AlAl 0 0.0 0.8408114314079285
AlAl 0 0.0 0.8408114314079285
AlAl 0 0.0 0.8408114314079285
AlAl 0 0.0 0.8408114314079285
AlAl 0 0.0 0.8408114314079285
AlAl 0 0.0 0.8408114314079285
AlAl 0 0.0 0.8408114314079285
AlAl 0 0.0 0.8408114314079285
AlAl 0 0.0 0.8408114314079285
AlAl 0 0.0 0.8408114314079285
AlAl 0 0.0 0.8408114314079285
AlAl 0 0.0 1.499591588973999
AlAl 0 0.0 1.499591588973999
AlAl 0 0.0 1.499591588973999
AlAl 0 0.0 1.499591588973999
AlAl 0 0.0 2.6832799911499023
AlAl 0 0.0 2.6832799911499023
AlAl 0 0.0 2.6832799911499023
AlAl 0 0.0 2.6832799911499023
AlAl 0 0.0 2.6832799911499023
AlAl 0 0.0 3.5954678058624268
AlAl 0 0.0 3.7460103034973145
AlAl 0 0.0 3.7460103034973145
AlAl 0 0.0 3.7460103034973145
AlAl 0 0.0 3.7460103034973145
AlAl 0 0.0 4.010030746459961
AlAl 0 0.0 4.010030746459961
AlAl 0 0.0 4.010030746459961
AlAl 0 0.0 4.010030746459961
AlAl 0 0.0 4.254998683929443
AlAl 0 0.0 4.254998683929443
AlAl 0 0.0 4.26772403717041
AlAl 0 0.0 4.26772403717041
AlAl 0 0.0 4.46980619430542
AlAl 0 0.0 4.851109027862549
AlAl 0 0.0 5.3559064865112305
AlAl 0 0.0 inf
AlAl 1 7.003488540649414 7.276566028594971
AlAl 1 6.511472702026367 6.752871513366699
AlAl 1 5.691501617431641 5.7532734870910645
AlAl 1 5.691501617431641 6.752871513366699
AlAl 1 5.3559064865112305 5.42150354385376
AlAl 1 4.851109027862549 5.168811321258545
AlAl 1 4.851109027862549 5.42150354385376
AlAl 1 4.851109027862549 5.42150354385376
AlAl 1 4.851109027862549 7.276566028594971
AlAl 1 4.851109027862549 6.752871513366699
AlAl 1 4.26772403717041 4.349761962890625
AlAl 1 4.26772403717041 4.349761962890625
AlAl 1 2.6832799911499023 2.8119308948516846
AlAl 1 2.6832799911499023 2.8119308948516846
AlAl 1 2.6832799911499023 2.8119308948516846
AlAl 1 2.6832799911499023 2.8119308948516846
AlAl 1 1.499591588973999 1.7192262411117554
AlAl 1 1.499591588973999 1.7192262411117554
AlAl 1 1.499591588973999 1.7192262411117554
AlAl 2 7.671180248260498 7.7171220779418945
AlAl 2 7.671180248260498 7.895539283752441
AlAl 2 7.276566028594971 7.702808856964111
AlAl 2 6.752871513366699 7.266448020935059
AlCo 0 0.0 0.8408114314079285
AlCo 0 0.0 0.8408114314079285
AlCo 0 0.0 0.8408114314079285
AlCo 0 0.0 0.8408114314079285
AlCo 0 0.0 0.8408114314079285
AlCo 0 0.0 0.8408114314079285
AlCo 0 0.0 0.8408114314079285
AlCo 0 0.0 0.8408114314079285
AlCo 0 0.0 0.8408114314079285
AlCo 0 0.0 0.8408114314079285
AlCo 0 0.0 0.8408114314079285
AlCo 0 0.0 0.8408114314079285
AlCo 0 0.0 0.8408114314079285
AlCo 0 0.0 0.8408114314079285
AlCo 0 0.0 0.8408114314079285
AlCo 0 0.0 1.499591588973999
AlCo 0 0.0 1.499591588973999
AlCo 0 0.0 1.499591588973999
AlCo 0 0.0 1.499591588973999
AlCo 0 0.0 2.6832799911499023
AlCo 0 0.0 2.6832799911499023
AlCo 0 0.0 2.6832799911499023
AlCo 0 0.0 2.6832799911499023
AlCo 0 0.0 2.6832799911499023
AlCo 0 0.0 2.802572250366211
AlCo 0 0.0 2.802572250366211
AlCo 0 0.0 3.0589892864227295
AlCo 0 0.0 3.0589892864227295
AlCo 0 0.0 3.0589892864227295
AlCo 0 0.0 3.0589892864227295
AlCo 0 0.0 3.232020616531372
AlCo 0 0.0 3.232020616531372
AlCo 0 0.0 3.232020616531372
AlCo 0 0.0 3.5798914432525635
AlCo 0 0.0 3.5798914432525635
AlCo 0 0.0 3.5798914432525635
AlCo 0 0.0 3.5798914432525635
AlCo 0 0.0 3.5798914432525635
AlCo 0 0.0 3.5798914432525635
AlCo 0 0.0 3.5798914432525635
AlCo 0 0.0 3.7460103034973145
AlCo 0 0.0 3.7460103034973145
AlCo 0 0.0 3.7460103034973145
AlCo 0 0.0 4.010030746459961
AlCo 0 0.0 4.010030746459961
AlCo 0 0.0 4.010030746459961
AlCo 0 0.0 4.0580596923828125
AlCo 0 0.0 4.26772403717041
AlCo 0 0.0 4.409140110015869
AlCo 0 0.0 4.46980619430542
AlCo 0 0.0 4.523663520812988
AlCo 0 0.0 inf
AlCo 1 5.691501617431641 5.7532734870910645
AlCo 1 5.691501617431641 5.958852291107178
AlCo 1 5.460437297821045 6.509439468383789
AlCo 1 5.3559064865112305 5.42150354385376
AlCo 1 5.3559064865112305 6.509439468383789
AlCo 1 4.851109027862549 5.42150354385376
AlCo 1 4.851109027862549 5.60767126083374
AlCo 1 4.523663520812988 5.168811321258545
AlCo 1 4.523663520812988 4.851109027862549
AlCo 1 4.523663520812988 5.42150354385376
AlCo 1 4.409140110015869 4.730685234069824
AlCo 1 4.26772403717041 4.349761962890625
AlCo 1 4.26772403717041 4.349761962890625
AlCo 1 4.26772403717041 4.807508945465088
AlCo 1 4.0580596923828125 4.807508945465088
AlCo 1 4.010030746459961 5.60767126083374
AlCo 1 3.7460103034973145 4.730685234069824
AlCo 1 3.5954678058624268 3.6339428424835205
AlCo 1 2.6832799911499023 2.8119308948516846
AlCo 1 2.6832799911499023 2.8119308948516846
AlCo 1 2.6832799911499023 2.8119308948516846
AlCo 1 2.6832799911499023 2.8119308948516846
AlCo 1 1.499591588973999 1.7192262411117554
AlCo 1 1.499591588973999 1.7192262411117554
AlCo 1 1.499591588973999 1.7192262411117554
AlCo 2 5.958852291107178 7.593682765960693
AlCo 2 5.60767126083374 5.680958271026611
AlCo 2 5.60767126083374 5.680958271026611
AlAl 0 0.0 0.8408114314079285
AlAl 0 0.0 0.8408114314079285
AlAl 0 0.0 0.8408114314079285
AlAl 0 0.0 0.8408114314079285
AlAl 0 0.0 0.8408114314079285
AlAl 0 0.0 0.8408114314079285
AlAl 0 0.0 0.8408114314079285
AlAl 0 0.0 0.8408114314079285
AlAl 0 0.0 0.8408114314079285
AlAl 0 0.0 0.8408114314079285
AlAl 0 0.0 0.8408114314079285
AlAl 0 0.0 4.003441333770752
AlAl 0 0.0 4.003441333770752
AlAl 0 0.0 4.003441333770752
AlAl 0 0.0 4.003441333770752
AlAl 0 0.0 4.26772403717041
AlAl 0 0.0 4.26772403717041
AlAl 0 0.0 4.26772403717041
AlAl 0 0.0 4.26772403717041
AlAl 0 0.0 5.099965572357178
AlAl 0 0.0 5.099965572357178
AlAl 0 0.0 5.099965572357178
AlAl 0 0.0 6.752871513366699
AlAl 0 0.0 6.752871513366699
AlAl 0 0.0 inf
AlAl 1 7.67117977142334 7.671180248260498
AlAl 1 7.67117977142334 7.671180248260498
AlAl 1 6.752871513366699 7.988412857055664
AlAl 1 6.752871513366699 7.850402355194092
AlAl 1 5.099965572357178 5.168811321258545
AlAl 1 5.099965572357178 5.168811321258545
AlAl 1 5.099965572357178 5.168811321258545
AlAl 1 4.26772403717041 4.349761962890625
AlAl 1 4.26772403717041 4.349761962890625
AlAl 1 4.26772403717041 4.349761962890625
AlAl 1 4.003441333770752 4.09078311920166
AlAl 1 4.003441333770752 4.09078311920166
AlAl 1 4.003441333770752 4.09078311920166
AlAl 2 7.717121601104736 7.7171220779418945
AlCo 0 0.0 0.8408114314079285
AlCo 0 0.0 0.8408114314079285
AlCo 0 0.0 0.8408114314079285
AlCo 0 0.0 0.8408114314079285
AlCo 0 0.0 0.8408114314079285
AlCo 0 0.0 0.8408114314079285
AlCo 0 0.0 0.8408114314079285
AlCo 0 0.0 0.8408114314079285
AlCo 0 0.0 0.8408114314079285
AlCo 0 0.0 0.8408114314079285
AlCo 0 0.0 0.8408114314079285
AlCo 0 0.0 3.5798914432525635
AlCo 0 0.0 3.5798914432525635
AlCo 0 0.0 3.5798914432525635
AlCo 0 0.0 3.5798914432525635
AlCo 0 0.0 3.5798914432525635
AlCo 0 0.0 3.5798914432525635
AlCo 0 0.0 3.5798914432525635
AlCo 0 0.0 3.5798914432525635
AlCo 0 0.0 4.003441333770752
AlCo 0 0.0 4.003441333770752
AlCo 0 0.0 4.003441333770752
AlCo 0 0.0 4.003441333770752
AlCo 0 0.0 4.26772403717041
AlCo 0 0.0 4.26772403717041
AlCo 0 0.0 4.26772403717041
AlCo 0 0.0 4.807508945465088
AlCo 0 0.0 4.807508945465088
AlCo 0 0.0 5.099965572357178
AlCo 0 0.0 5.099965572357178
AlCo 0 0.0 5.099965572357178
AlCo 0 0.0 inf
AlCo 1 7.67117977142334 7.671180248260498
AlCo 1 7.67117977142334 7.671180248260498
AlCo 1 5.481971263885498 6.752871513366699
AlCo 1 5.481971263885498 7.671180248260498
AlCo 1 5.099965572357178 5.168811321258545
AlCo 1 5.099965572357178 5.168811321258545
AlCo 1 5.099965572357178 5.168811321258545
AlCo 1 4.26772403717041 4.349761962890625
AlCo 1 4.26772403717041 4.349761962890625
AlCo 1 4.26772403717041 4.349761962890625
AlCo 1 4.26772403717041 6.752871513366699
AlCo 1 4.003441333770752 4.09078311920166
AlCo 1 4.003441333770752 4.09078311920166
AlCo 1 4.003441333770752 4.09078311920166
AlCo 2 7.907979965209961 7.908023357391357
AlCo 2 7.907979965209961 7.908023357391357
AlCo 2 7.717121601104736 7.7171220779418945
AlCo 2 7.671180248260498 7.7171220779418945
AlCo 2 7.671180248260498 7.927834510803223
AlAl 0 0.0 9.5367431640625e-07
AlAl 0 0.0 0.8408114314079285
AlAl 0 0.0 1.499591588973999
AlAl 0 0.0 1.499591588973999
AlAl 0 0.0 1.499591588973999
AlAl 0 0.0 1.499591588973999
AlAl 0 0.0 2.6832799911499023
AlAl 0 0.0 2.6832799911499023
AlAl 0 0.0 2.6832799911499023
AlAl 0 0.0 2.6832799911499023
AlAl 0 0.0 2.6832799911499023
AlAl 0 0.0 3.592883586883545
AlAl 0 0.0 3.649864435195923
AlAl 0 0.0 3.7460103034973145
AlAl 0 0.0 3.7460103034973145
AlAl 0 0.0 3.7460103034973145
AlAl 0 0.0 3.7460103034973145
AlAl 0 0.0 4.26772403717041
AlAl 0 0.0 4.26772403717041
AlAl 0 0.0 4.26772403717041
AlAl 0 0.0 4.518567085266113
AlAl 0 0.0 4.518567085266113
AlAl 0 0.0 4.518567085266113
AlAl 0 0.0 4.851109027862549
AlAl 0 0.0 4.851109027862549
AlAl 0 0.0 4.851109027862549
AlAl 0 0.0 4.851109027862549
AlAl 0 0.0 inf
AlAl 1 6.147345066070557 7.593682765960693
AlAl 1 5.880101203918457 7.593682765960693
AlAl 1 5.3559064865112305 7.276566028594971
AlAl 1 4.851109027862549 6.752871513366699
AlAl 1 4.26772403717041 6.752871513366699
AlAl 1 3.7460103034973145 4.010030746459961
AlAl 2 7.671180248260498 7.895539283752441
AlAl 2 7.129293918609619 7.671180248260498
AlAl 2 6.752871513366699 7.266448020935059
AlCo 0 0.0 9.5367431640625e-07
AlCo 0 0.0 0.8408114314079285
AlCo 0 0.0 1.499591588973999
AlCo 0 0.0 1.499591588973999
AlCo 0 0.0 1.499591588973999
AlCo 0 0.0 1.499591588973999
AlCo 0 0.0 2.530388355255127
AlCo 0 0.0 2.530388355255127
AlCo 0 0.0 2.6832799911499023
AlCo 0 0.0 2.6832799911499023
AlCo 0 0.0 2.6832799911499023
AlCo 0 0.0 2.6832799911499023
AlCo 0 0.0 2.6832799911499023
AlCo 0 0.0 2.9285218715667725
AlCo 0 0.0 2.9285218715667725
AlCo 0 0.0 2.9285218715667725
AlCo 0 0.0 2.9285218715667725
AlCo 0 0.0 3.232020616531372
AlCo 0 0.0 3.4061360359191895
AlCo 0 0.0 3.4061360359191895
AlCo 0 0.0 3.4061360359191895
AlCo 0 0.0 3.5798914432525635
AlCo 0 0.0 3.5798914432525635
AlCo 0 0.0 3.5798914432525635
AlCo 0 0.0 3.5798914432525635
AlCo 0 0.0 3.5798914432525635
AlCo 0 0.0 3.5798914432525635
AlCo 0 0.0 3.592883586883545
AlCo 0 0.0 3.649864435195923
AlCo 0 0.0 3.7460103034973145
AlCo 0 0.0 3.7460103034973145
AlCo 0 0.0 4.001375675201416
AlCo 0 0.0 4.0580596923828125
AlCo 0 0.0 4.0580596923828125
AlCo 0 0.0 4.0580596923828125
AlCo 0 0.0 4.0580596923828125
AlCo 0 0.0 4.292680263519287
AlCo 0 0.0 4.292680263519287
AlCo 0 0.0 4.381834983825684
AlCo 0 0.0 4.588069438934326
AlCo 0 0.0 4.851109027862549
AlCo 0 0.0 inf
AlCo 1 5.550611972808838 5.816688060760498
AlCo 1 5.237865447998047 5.467557907104492
AlCo 1 5.237865447998047 5.467557907104492
AlCo 1 5.127434730529785 5.53073787689209
AlCo 1 4.518567085266113 5.4311137199401855
AlCo 1 4.518567085266113 5.4311137199401855
AlCo 1 4.518567085266113 5.08186674118042
AlCo 1 4.381834983825684 5.467557907104492
AlCo 1 4.292680263519287 6.335387706756592
AlCo 1 4.292680263519287 4.730685234069824
AlCo 1 4.26772403717041 4.807508945465088
AlCo 1 4.26772403717041 4.807508945465088
AlCo 1 4.26772403717041 4.807508945465088
AlCo 1 4.26772403717041 4.807508945465088
AlCo 1 4.0580596923828125 5.2331929206848145
AlCo 1 3.7460103034973145 4.730685234069824
AlCo 1 3.7460103034973145 4.730685234069824
AlCo 1 3.7460103034973145 4.010030746459961
AlCo 2 6.335387706756592 7.593682765960693
AlAl 0 0.0 0.8408114314079285
AlAl 0 0.0 0.8408114314079285
AlAl 0 0.0 1.499591588973999
AlAl 0 0.0 1.499591588973999
AlAl 0 0.0 1.499591588973999
AlAl 0 0.0 1.499591588973999
AlAl 0 0.0 4.003441333770752
AlAl 0 0.0 4.26772403717041
AlAl 0 0.0 5.099965572357178
AlAl 0 0.0 6.17158842086792
AlAl 0 0.0 6.17158842086792
AlAl 0 0.0 6.752871513366699
AlAl 0 0.0 7.042168617248535
AlAl 0 0.0 7.593682765960693
AlAl 0 0.0 7.67117977142334
AlAl 0 0.0 inf
AlAl 1 7.593682765960693 7.740335464477539
AlAl 1 7.042169094085693 7.67117977142334
AlAl 1 6.752871513366699 6.917373180389404
AlAl 1 1.499591588973999 1.7192262411117554
AlCo 0 0.0 0.8408114314079285
AlCo 0 0.0 0.8408114314079285
AlCo 0 0.0 1.499591588973999
AlCo 0 0.0 1.499591588973999
AlCo 0 0.0 1.499591588973999
AlCo 0 0.0 1.499591588973999
AlCo 0 0.0 3.5798914432525635
AlCo 0 0.0 4.003441333770752
AlCo 0 0.0 4.26772403717041
AlCo 0 0.0 4.381834983825684
AlCo 0 0.0 4.409140110015869
AlCo 0 0.0 4.409140110015869
AlCo 0 0.0 4.409140110015869
AlCo 0 0.0 4.409140110015869
AlCo 0 0.0 4.807508945465088
AlCo 0 0.0 4.807508945465088
AlCo 0 0.0 4.807508945465088
AlCo 0 0.0 4.807508945465088
AlCo 0 0.0 5.08186674118042
AlCo 0 0.0 5.099965572357178
AlCo 0 0.0 5.481971263885498
AlCo 0 0.0 7.0114617347717285
AlCo 0 0.0 inf
AlCo 1 7.452881813049316 7.512495994567871
AlCo 1 7.042169094085693 7.074795722961426
AlCo 1 7.0114617347717285 7.67117977142334
AlCo 1 7.0114617347717285 7.593682765960693
AlCo 1 6.036295413970947 7.593682765960693
AlCo 1 5.4311137199401855 6.17158842086792
AlCo 1 5.4311137199401855 7.593682765960693
AlCo 1 4.807508945465088 6.752871513366699
AlCo 1 1.499591588973999 1.7192262411117554
AlCo 2 7.671180248260498 7.927834510803223
AlCo 2 7.593682765960693 7.67117977142334
AlCo 2 7.593682765960693 7.671180248260498
AlCo 2 6.752871513366699 6.917373180389404
AlAl 0 0.0 9.5367431640625e-07
AlAl 0 0.0 0.7149844169616699
AlAl 0 0.0 0.7149844169616699
AlAl 0 0.0 0.7149844169616699
AlAl 0 0.0 0.7149844169616699
AlAl 0 0.0 0.8408114314079285
AlAl 0 0.0 0.8408114314079285
AlAl 0 0.0 0.8408114314079285
AlAl 0 0.0 0.8408114314079285
AlAl 0 0.0 0.8408114314079285
AlAl 0 0.0 0.8408114314079285
AlAl 0 0.0 0.8408114314079285
AlAl 0 0.0 0.8408114314079285
AlAl 0 0.0 0.8408114314079285
AlAl 0 0.0 0.8408114314079285
AlAl 0 0.0 0.8408114314079285
AlAl 0 0.0 0.8408114314079285
AlAl 0 0.0 0.8408114314079285
AlAl 0 0.0 0.8408114314079285
AlAl 0 0.0 0.8408114314079285
AlAl 0 0.0 1.3100775480270386
AlAl 0 0.0 1.3100775480270386
AlAl 0 0.0 1.3100775480270386
AlAl 0 0.0 1.499591588973999
AlAl 0 0.0 1.499591588973999
AlAl 0 0.0 1.499591588973999
AlAl 0 0.0 1.499591588973999
AlAl 0 0.0 2.2285640239715576
AlAl 0 0.0 2.2285640239715576
AlAl 0 0.0 2.2285640239715576
AlAl 0 0.0 2.6832799911499023
AlAl 0 0.0 2.6832799911499023
AlAl 0 0.0 2.6832799911499023
AlAl 0 0.0 2.6832799911499023
AlAl 0 0.0 2.6832799911499023
AlAl 0 0.0 3.0264322757720947
AlAl 0 0.0 3.098141670227051
AlAl 0 0.0 3.1305792331695557
AlAl 0 0.0 3.1413838863372803
AlAl 0 0.0 3.1413838863372803
AlAl 0 0.0 3.1413838863372803
AlAl 0 0.0 3.1413838863372803
AlAl 0 0.0 3.2555580139160156
AlAl 0 0.0 3.2555580139160156
AlAl 0 0.0 3.374128818511963
AlAl 0 0.0 3.374128818511963
AlAl 0 0.0 3.592883586883545
AlAl 0 0.0 3.592883586883545
AlAl 0 0.0 3.5954678058624268
AlAl 0 0.0 3.5954678058624268
AlAl 0 0.0 3.5954678058624268
AlAl 0 0.0 3.7460103034973145
AlAl 0 0.0 3.7460103034973145
AlAl 0 0.0 3.783442258834839
AlAl 0 0.0 4.10806941986084
AlAl 0 0.0 4.46980619430542
AlAl 0 0.0 4.838229656219482
AlAl 0 0.0 inf
AlAl 1 5.880101203918457 5.928746223449707
AlAl 1 5.3559064865112305 5.42150354385376
AlAl 1 5.3559064865112305 6.065234184265137
AlAl 1 4.851109027862549 6.752871513366699
AlAl 1 4.851109027862549 5.099965572357178
AlAl 1 4.851109027862549 5.099965572357178
AlAl 1 4.851109027862549 5.099965572357178
AlAl 1 4.851109027862549 6.140995979309082
AlAl 1 4.838229656219482 5.174623966217041
AlAl 1 4.838229656219482 6.511472702026367
AlAl 1 4.593534469604492 4.851109027862549
AlAl 1 4.593534469604492 5.3582048416137695
AlAl 1 4.26772403717041 6.752871513366699
AlAl 1 3.649864435195923 4.010030746459961
AlAl 1 3.5954678058624268 3.848986864089966
AlAl 1 3.5954678058624268 3.8849520683288574
AlAl 1 3.2555580139160156 3.2611236572265625
AlAl 1 2.6832799911499023 2.8119308948516846
AlAl 1 2.6832799911499023 2.8119308948516846
AlAl 1 2.6832799911499023 2.8119308948516846
AlAl 1 2.6832799911499023 2.8119308948516846
AlAl 1 1.499591588973999 1.7192262411117554
AlAl 1 1.499591588973999 1.7192262411117554
AlAl 1 1.499591588973999 1.7192262411117554
AlAl 2 7.199443340301514 7.220195770263672
AlAl 2 6.752871513366699 7.266448020935059
AlAl 2 5.612780570983887 6.065234184265137
AlCo 0 0.0 9.5367431640625e-07
AlCo 0 0.0 0.7149844169616699
AlCo 0 0.0 0.7149844169616699
AlCo 0 0.0 0.7149844169616699
AlCo 0 0.0 0.7149844169616699
AlCo 0 0.0 0.8408114314079285
AlCo 0 0.0 0.8408114314079285
AlCo 0 0.0 0.8408114314079285
AlCo 0 0.0 0.8408114314079285
AlCo 0 0.0 0.8408114314079285
AlCo 0 0.0 0.8408114314079285
AlCo 0 0.0 0.8408114314079285
AlCo 0 0.0 0.8408114314079285
AlCo 0 0.0 0.8408114314079285
AlCo 0 0.0 0.8408114314079285
AlCo 0 0.0 0.8408114314079285
AlCo 0 0.0 0.8408114314079285
AlCo 0 0.0 0.8408114314079285
AlCo 0 0.0 0.8408114314079285
AlCo 0 0.0 0.8408114314079285
AlCo 0 0.0 1.259835124015808
AlCo 0 0.0 1.3100775480270386
AlCo 0 0.0 1.3100775480270386
AlCo 0 0.0 1.3100775480270386
AlCo 0 0.0 1.499591588973999
AlCo 0 0.0 1.499591588973999
AlCo 0 0.0 1.499591588973999
AlCo 0 0.0 1.499591588973999
AlCo 0 0.0 1.672288179397583
AlCo 0 0.0 1.672288179397583
AlCo 0 0.0 1.7685301303863525
AlCo 0 0.0 2.0063998699188232
AlCo 0 0.0 2.0158944129943848
AlCo 0 0.0 2.0158944129943848
AlCo 0 0.0 2.0158944129943848
AlCo 0 0.0 2.0158944129943848
AlCo 0 0.0 2.2285640239715576
AlCo 0 0.0 2.2285640239715576
AlCo 0 0.0 2.2285640239715576
AlCo 0 0.0 2.253535032272339
AlCo 0 0.0 2.3517348766326904
AlCo 0 0.0 2.3898327350616455
AlCo 0 0.0 2.530388355255127
AlCo 0 0.0 2.530388355255127
AlCo 0 0.0 2.530388355255127
AlCo 0 0.0 2.5473873615264893
AlCo 0 0.0 2.639620065689087
AlCo 0 0.0 2.6832799911499023
AlCo 0 0.0 2.6832799911499023
AlCo 0 0.0 2.6832799911499023
AlCo 0 0.0 2.6832799911499023
AlCo 0 0.0 2.6832799911499023
AlCo 0 0.0 2.79805326461792
AlCo 0 0.0 2.802572250366211
AlCo 0 0.0 2.9285218715667725
AlCo 0 0.0 2.9285218715667725
AlCo 0 0.0 2.9285218715667725
AlCo 0 0.0 2.9285218715667725
AlCo 0 0.0 3.0264322757720947
AlCo 0 0.0 3.036759614944458
AlCo 0 0.0 3.0589892864227295
AlCo 0 0.0 3.0683794021606445
AlCo 0 0.0 3.070185899734497
AlCo 0 0.0 3.1413838863372803
AlCo 0 0.0 3.1413838863372803
AlCo 0 0.0 3.1413838863372803
AlCo 0 0.0 3.1413838863372803
AlCo 0 0.0 3.216580867767334
AlCo 0 0.0 3.216580867767334
AlCo 0 0.0 3.2555580139160156
AlCo 0 0.0 3.374128818511963
AlCo 0 0.0 3.4061360359191895
AlCo 0 0.0 3.4061360359191895
AlCo 0 0.0 3.5798914432525635
AlCo 0 0.0 3.5798914432525635
AlCo 0 0.0 3.5798914432525635
AlCo 0 0.0 3.5798914432525635
AlCo 0 0.0 3.592883586883545
AlCo 0 0.0 3.7460103034973145
AlCo 0 0.0 inf
AlCo 1 4.838229656219482 4.851109027862549
AlCo 1 4.838229656219482 5.099965572357178
AlCo 1 4.838229656219482 4.851109027862549
AlCo 1 4.588069438934326 5.099965572357178
AlCo 1 4.46980619430542 4.794284343719482
AlCo 1 4.292680263519287 5.3559064865112305
AlCo 1 4.292680263519287 4.730685234069824
AlCo 1 4.292680263519287 4.730685234069824
AlCo 1 4.26772403717041 4.807508945465088
AlCo 1 4.132421016693115 4.263771057128906
AlCo 1 4.10806941986084 4.212442874908447
AlCo 1 4.001375675201416 4.942108631134033
AlCo 1 3.7460103034973145 4.730685234069824
AlCo 1 3.649864435195923 4.010030746459961
AlCo 1 3.5954678058624268 3.848986864089966
AlCo 1 3.5954678058624268 4.10806941986084
AlCo 1 3.5954678058624268 4.0580596923828125
AlCo 1 3.5954678058624268 4.10806941986084
AlCo 1 3.5954678058624268 3.6339428424835205
AlCo 1 3.5798914432525635 3.6339428424835205
AlCo 1 3.5798914432525635 4.919776916503906
AlCo 1 3.2555580139160156 3.2611236572265625
AlCo 1 3.2555580139160156 5.585702896118164
AlCo 1 3.232020616531372 4.730685234069824
AlCo 1 3.21626877784729 3.216580867767334
AlCo 1 3.1305792331695557 4.001375675201416
AlCo 1 3.098141670227051 4.132421016693115
AlCo 1 3.0589892864227295 3.4159274101257324
AlCo 1 3.0589892864227295 3.4159274101257324
AlCo 1 2.6832799911499023 2.8119308948516846
AlCo 1 2.6832799911499023 2.8119308948516846
AlCo 1 2.6832799911499023 2.8119308948516846
AlCo 1 2.6832799911499023 2.8119308948516846
AlCo 1 1.499591588973999 1.7192262411117554
AlCo 1 1.499591588973999 1.7192262411117554
AlCo 1 1.499591588973999 1.7192262411117554
AlCo 2 6.485619068145752 6.643464088439941
AlCo 2 6.335387706756592 6.360814571380615
AlCo 2 5.2331929206848145 5.318037986755371
AlCo 2 5.156426906585693 5.168811321258545
AlCo 2 5.156426906585693 5.168811321258545
AlCo 2 5.099965572357178 5.168811321258545
AlCo 2 5.099965572357178 5.612780570983887
AlAl 0 0.0 0.7149844169616699
AlAl 0 0.0 0.8408114314079285
AlAl 0 0.0 2.6832799911499023
AlAl 0 0.0 2.6832799911499023
AlAl 0 0.0 3.3236207962036133
AlAl 0 0.0 3.602907180786133
AlAl 0 0.0 3.602907180786133
AlAl 0 0.0 3.602907180786133
AlAl 0 0.0 3.602907180786133
AlAl 0 0.0 3.7745213508605957
AlAl 0 0.0 3.7745213508605957
AlAl 0 0.0 3.8135318756103516
AlAl 0 0.0 4.010030746459961
AlAl 0 0.0 4.010030746459961
AlAl 0 0.0 4.010030746459961
AlAl 0 0.0 4.0167365074157715
AlAl 0 0.0 4.224132537841797
AlAl 0 0.0 4.424600601196289
AlAl 0 0.0 5.691501617431641
AlAl 0 0.0 6.6181488037109375
AlAl 0 0.0 7.276566028594971
AlAl 0 0.0 7.389760971069336
AlAl 0 0.0 inf
AlAl 1 7.67117977142334 7.671180248260498
AlAl 1 7.389760971069336 7.671180248260498
AlAl 1 7.009277820587158 7.593682765960693
AlAl 1 6.7652459144592285 7.088644504547119
AlAl 1 6.7652459144592285 7.276566028594971
AlAl 1 6.625910758972168 7.671180248260498
AlAl 1 6.625910758972168 7.455129623413086
AlAl 1 4.739747047424316 5.469745635986328
AlAl 1 4.424600601196289 5.469745635986328
AlAl 2 7.671180248260498 7.742005348205566
AlCo 0 0.0 0.7149844169616699
AlCo 0 0.0 0.8408114314079285
AlCo 0 0.0 2.476607322692871
AlCo 0 0.0 2.476607322692871
AlCo 0 0.0 2.476607322692871
AlCo 0 0.0 2.476607322692871
AlCo 0 0.0 2.476607322692871
AlCo 0 0.0 2.476607322692871
AlCo 0 0.0 2.639620065689087
AlCo 0 0.0 2.639620065689087
AlCo 0 0.0 2.639620065689087
AlCo 0 0.0 2.639620065689087
AlCo 0 0.0 2.6832799911499023
AlCo 0 0.0 2.6832799911499023
AlCo 0 0.0 3.0589892864227295
AlCo 0 0.0 3.0589892864227295
AlCo 0 0.0 3.0589892864227295
AlCo 0 0.0 3.0589892864227295
AlCo 0 0.0 3.232020616531372
AlCo 0 0.0 3.232020616531372
AlCo 0 0.0 3.232020616531372
AlCo 0 0.0 3.232020616531372
AlCo 0 0.0 3.232020616531372
AlCo 0 0.0 3.3236207962036133
AlCo 0 0.0 3.5798914432525635
AlCo 0 0.0 3.7745213508605957
AlCo 0 0.0 3.7745213508605957
AlCo 0 0.0 3.8135318756103516
AlCo 0 0.0 4.010030746459961
AlCo 0 0.0 4.010030746459961
AlCo 0 0.0 4.010030746459961
AlCo 0 0.0 4.0167365074157715
AlCo 0 0.0 4.409140110015869
AlCo 0 0.0 4.409140110015869
AlCo 0 0.0 5.958852291107178
AlCo 0 0.0 inf
AlCo 1 6.591362953186035 7.216832160949707
AlCo 1 6.016745567321777 7.389760971069336
AlCo 1 5.691501617431641 5.958852291107178
AlCo 1 5.60767126083374 5.680958271026611
AlCo 1 5.60767126083374 5.680958271026611
AlCo 1 5.08186674118042 7.389760971069336
AlCo 1 4.739747047424316 5.469745635986328
AlCo 1 4.424600601196289 6.472463130950928
AlCo 1 4.409140110015869 4.63295316696167
AlCo 1 4.409140110015869 4.63295316696167
AlCo 1 4.224132537841797 5.469745635986328
AlCo 2 7.593682765960693 7.671180248260498
AlCo 2 7.593682765960693 7.671180248260498
AlCo 2 7.593682765960693 7.671180248260498
AlAl 0 0.0 1.3486991292666062e-06
AlAl 0 0.0 0.7149844169616699
AlAl 0 0.0 0.7149844169616699
AlAl 0 0.0 0.7149844169616699
AlAl 0 0.0 0.7149844169616699
AlAl 0 0.0 0.8408114314079285
AlAl 0 0.0 0.8408114314079285
AlAl 0 0.0 0.8408114314079285
AlAl 0 0.0 1.3100775480270386
AlAl 0 0.0 1.499591588973999
AlAl 0 0.0 1.499591588973999
AlAl 0 0.0 1.499591588973999
AlAl 0 0.0 1.499591588973999
AlAl 0 0.0 2.2285640239715576
AlAl 0 0.0 2.6832799911499023
AlAl 0 0.0 2.6832799911499023
AlAl 0 0.0 2.6832799911499023
AlAl 0 0.0 2.6832799911499023
AlAl 0 0.0 2.6832799911499023
AlAl 0 0.0 2.9592361450195312
AlAl 0 0.0 2.9592361450195312
AlAl 0 0.0 3.098141670227051
AlAl 0 0.0 3.098141670227051
AlAl 0 0.0 3.1305792331695557
AlAl 0 0.0 3.1305792331695557
AlAl 0 0.0 3.1305792331695557
AlAl 0 0.0 3.1305792331695557
AlAl 0 0.0 3.1305792331695557
AlAl 0 0.0 3.1305792331695557
AlAl 0 0.0 3.1413838863372803
AlAl 0 0.0 3.1413838863372803
AlAl 0 0.0 3.2555580139160156
AlAl 0 0.0 3.374128818511963
AlAl 0 0.0 3.592883586883545
AlAl 0 0.0 3.592883586883545
AlAl 0 0.0 3.592883586883545
AlAl 0 0.0 3.592883586883545
AlAl 0 0.0 3.5954678058624268
AlAl 0 0.0 3.5954678058624268
AlAl 0 0.0 3.5954678058624268
AlAl 0 0.0 3.5954678058624268
AlAl 0 0.0 3.7460103034973145
AlAl 0 0.0 3.895552158355713
AlAl 0 0.0 4.010030746459961
AlAl 0 0.0 4.254998683929443
AlAl 0 0.0 4.46980619430542
AlAl 0 0.0 4.46980619430542
AlAl 0 0.0 4.574699878692627
AlAl 0 0.0 inf
AlAl 1 5.3559064865112305 5.612780570983887
AlAl 1 4.987231254577637 5.079576015472412
AlAl 1 4.851109027862549 5.174623966217041
AlAl 1 4.851109027862549 5.469745635986328
AlAl 1 4.739747047424316 5.157174110412598
AlAl 1 4.593534469604492 5.469745635986328
AlAl 1 4.593534469604492 4.851109027862549
AlAl 1 4.593534469604492 5.469745635986328
AlAl 1 4.593534469604492 4.851109027862549
AlAl 1 4.593534469604492 5.469745635986328
AlAl 1 4.254998683929443 5.157174110412598
AlAl 1 4.010030746459961 5.321036338806152
AlAl 1 3.7460103034973145 5.321036338806152
AlAl 1 3.2555580139160156 3.2611236572265625
AlAl 1 3.2555580139160156 3.2611236572265625
AlAl 1 1.499591588973999 1.7192262411117554
AlAl 2 5.612780570983887 6.370058536529541
AlAl 2 5.469745635986328 5.52877140045166
AlAl 2 5.469745635986328 5.52877140045166
AlCo 0 0.0 1.3486991292666062e-06
AlCo 0 0.0 0.7149844169616699
AlCo 0 0.0 0.7149844169616699
AlCo 0 0.0 0.7149844169616699
AlCo 0 0.0 0.7149844169616699
AlCo 0 0.0 0.8408114314079285
AlCo 0 0.0 0.8408114314079285
AlCo 0 0.0 0.8408114314079285
AlCo 0 0.0 1.259835124015808
AlCo 0 0.0 1.259835124015808
AlCo 0 0.0 1.3100775480270386
AlCo 0 0.0 1.499591588973999
AlCo 0 0.0 1.499591588973999
AlCo 0 0.0 1.499591588973999
AlCo 0 0.0 1.499591588973999
AlCo 0 0.0 1.7685301303863525
AlCo 0 0.0 2.0158944129943848
AlCo 0 0.0 2.0158944129943848
AlCo 0 0.0 2.145371675491333
AlCo 0 0.0 2.145371675491333
AlCo 0 0.0 2.2285640239715576
AlCo 0 0.0 2.253535032272339
AlCo 0 0.0 2.253535032272339
AlCo 0 0.0 2.253535032272339
AlCo 0 0.0 2.3517348766326904
AlCo 0 0.0 2.3517348766326904
AlCo 0 0.0 2.3517348766326904
AlCo 0 0.0 2.3517348766326904
AlCo 0 0.0 2.3898327350616455
AlCo 0 0.0 2.3898327350616455
AlCo 0 0.0 2.3898327350616455
AlCo 0 0.0 2.3898327350616455
AlCo 0 0.0 2.530388355255127
AlCo 0 0.0 2.530388355255127
AlCo 0 0.0 2.5473873615264893
AlCo 0 0.0 2.5473873615264893
AlCo 0 0.0 2.6832799911499023
AlCo 0 0.0 2.6832799911499023
AlCo 0 0.0 2.6832799911499023
AlCo 0 0.0 2.6832799911499023
AlCo 0 0.0 2.6832799911499023
AlCo 0 0.0 2.802572250366211
AlCo 0 0.0 2.802572250366211
AlCo 0 0.0 2.802572250366211
AlCo 0 0.0 2.802572250366211
AlCo 0 0.0 2.9285218715667725
AlCo 0 0.0 2.9592361450195312
AlCo 0 0.0 2.9592361450195312
AlCo 0 0.0 3.036759614944458
AlCo 0 0.0 3.0589892864227295
AlCo 0 0.0 3.0589892864227295
AlCo 0 0.0 3.0589892864227295
AlCo 0 0.0 3.0589892864227295
AlCo 0 0.0 3.0589892864227295
AlCo 0 0.0 3.0683794021606445
AlCo 0 0.0 3.070185899734497
AlCo 0 0.0 3.098141670227051
AlCo 0 0.0 3.098141670227051
AlCo 0 0.0 3.1305792331695557
AlCo 0 0.0 3.1305792331695557
AlCo 0 0.0 3.1413838863372803
AlCo 0 0.0 3.1466591358184814
AlCo 0 0.0 3.1466591358184814
AlCo 0 0.0 3.1466591358184814
AlCo 0 0.0 3.21626877784729
AlCo 0 0.0 3.216580867767334
AlCo 0 0.0 3.5798914432525635
AlCo 0 0.0 3.5798914432525635
AlCo 0 0.0 3.5954678058624268
AlCo 0 0.0 3.5954678058624268
AlCo 0 0.0 4.010030746459961
AlCo 0 0.0 inf
AlCo 1 4.987231254577637 5.079576015472412
AlCo 1 4.568093776702881 4.583264350891113
AlCo 1 4.568093776702881 5.157174110412598
AlCo 1 4.46980619430542 4.794284343719482
AlCo 1 4.46980619430542 4.794284343719482
AlCo 1 4.010030746459961 5.157174110412598
AlCo 1 3.895552158355713 3.912822723388672
AlCo 1 3.7460103034973145 4.730685234069824
AlCo 1 3.7460103034973145 4.730685234069824
AlCo 1 3.635467052459717 4.807508945465088
AlCo 1 3.635467052459717 3.912822723388672
AlCo 1 3.633941650390625 3.6339428424835205
AlCo 1 3.5954678058624268 3.6339428424835205
AlCo 1 3.5954678058624268 4.445010662078857
AlCo 1 3.592883586883545 4.851109027862549
AlCo 1 3.5798914432525635 5.099965572357178
AlCo 1 3.5798914432525635 4.146392345428467
AlCo 1 3.4061360359191895 3.514810562133789
AlCo 1 3.4061360359191895 3.514810562133789
AlCo 1 3.2555580139160156 3.2611236572265625
AlCo 1 3.2555580139160156 3.2611236572265625
AlCo 1 3.2555580139160156 3.912822723388672
AlCo 1 3.220742702484131 3.5064289569854736
AlCo 1 3.220742702484131 3.5064289569854736
AlCo 1 3.220742702484131 4.756406784057617
AlCo 1 3.220742702484131 3.5798914432525635
AlCo 1 3.216580867767334 4.132421016693115
AlCo 1 3.216580867767334 4.756406784057617
AlCo 1 3.1466591358184814 4.001375675201416
AlCo 1 3.1413838863372803 3.9318113327026367
AlCo 1 3.0683794021606445 3.232020616531372
AlCo 1 3.0589892864227295 3.9318113327026367
AlCo 1 1.499591588973999 1.7192262411117554
AlCo 2 5.612780570983887 6.066558837890625
AlCo 2 5.469745635986328 5.524550437927246
AlCo 2 5.467557907104492 5.469745635986328
AlCo 2 5.3559064865112305 5.52877140045166
AlCo 2 5.239179611206055 5.612780570983887
AlAl 0 0.0 0.7149844169616699
AlAl 0 0.0 0.7149844169616699
AlAl 0 0.0 0.7149844169616699
AlAl 0 0.0 0.7149844169616699
AlAl 0 0.0 0.7149844169616699
AlAl 0 0.0 0.7149844169616699
AlAl 0 0.0 0.8408114314079285
AlAl 0 0.0 0.8408114314079285
AlAl 0 0.0 1.3100775480270386
AlAl 0 0.0 1.499591588973999
AlAl 0 0.0 2.088529586791992
AlAl 0 0.0 2.088529586791992
AlAl 0 0.0 2.088529586791992
AlAl 0 0.0 2.088529586791992
AlAl 0 0.0 2.465301752090454
AlAl 0 0.0 2.465301752090454
AlAl 0 0.0 2.6832799911499023
AlAl 0 0.0 2.6832799911499023
AlAl 0 0.0 2.9592361450195312
AlAl 0 0.0 3.1413838863372803
AlAl 0 0.0 3.1413838863372803
AlAl 0 0.0 3.2555580139160156
AlAl 0 0.0 3.2555580139160156
AlAl 0 0.0 3.2555580139160156
AlAl 0 0.0 3.5954678058624268
AlAl 0 0.0 3.5954678058624268
AlAl 0 0.0 3.5954678058624268
AlAl 0 0.0 3.602907180786133
AlAl 0 0.0 3.602907180786133
AlAl 0 0.0 3.602907180786133
AlAl 0 0.0 3.602907180786133
AlAl 0 0.0 3.602907180786133
AlAl 0 0.0 3.783442258834839
AlAl 0 0.0 3.8135318756103516
AlAl 0 0.0 3.9113378524780273
AlAl 0 0.0 3.9113378524780273
AlAl 0 0.0 4.10806941986084
AlAl 0 0.0 4.254998683929443
AlAl 0 0.0 4.254998683929443
AlAl 0 0.0 4.546076774597168
AlAl 0 0.0 4.546076774597168
AlAl 0 0.0 inf
AlAl 1 6.105522155761719 7.590959548950195
AlAl 1 5.652195930480957 6.081282138824463
AlAl 1 5.3582048416137695 5.469745635986328
AlAl 1 5.3559064865112305 6.370058536529541
AlAl 1 5.233150482177734 7.593682765960693
AlAl 1 5.233150482177734 5.928746223449707
AlAl 1 4.851109027862549 6.140995979309082
AlAl 1 4.696358680725098 7.339852333068848
AlAl 1 4.254998683929443 6.140995979309082
AlAl 2 7.593682765960693 7.627268314361572
AlAl 2 6.625910758972168 6.956195831298828
AlAl 2 6.625910758972168 6.752871513366699
AlCo 0 0.0 0.7149844169616699
AlCo 0 0.0 0.7149844169616699
AlCo 0 0.0 0.7149844169616699
AlCo 0 0.0 0.7149844169616699
AlCo 0 0.0 0.7149844169616699
AlCo 0 0.0 0.7149844169616699
AlCo 0 0.0 0.8408114314079285
AlCo 0 0.0 0.8408114314079285
AlCo 0 0.0 1.3100775480270386
AlCo 0 0.0 1.499591588973999
AlCo 0 0.0 2.0158944129943848
AlCo 0 0.0 2.088529586791992
AlCo 0 0.0 2.088529586791992
AlCo 0 0.0 2.088529586791992
AlCo 0 0.0 2.088529586791992
AlCo 0 0.0 2.465301752090454
AlCo 0 0.0 2.465301752090454
AlCo 0 0.0 2.476607322692871
AlCo 0 0.0 2.476607322692871
AlCo 0 0.0 2.476607322692871
AlCo 0 0.0 2.476607322692871
AlCo 0 0.0 2.476607322692871
AlCo 0 0.0 2.5473873615264893
AlCo 0 0.0 2.5473873615264893
AlCo 0 0.0 2.6832799911499023
AlCo 0 0.0 2.6832799911499023
AlCo 0 0.0 2.79805326461792
AlCo 0 0.0 2.79805326461792
AlCo 0 0.0 2.79805326461792
AlCo 0 0.0 2.79805326461792
AlCo 0 0.0 2.79805326461792
AlCo 0 0.0 2.802572250366211
AlCo 0 0.0 2.802572250366211
AlCo 0 0.0 2.802572250366211
AlCo 0 0.0 2.802572250366211
AlCo 0 0.0 2.9285218715667725
AlCo 0 0.0 2.9285218715667725
AlCo 0 0.0 2.9592361450195312
AlCo 0 0.0 3.0589892864227295
AlCo 0 0.0 3.0589892864227295
AlCo 0 0.0 3.0589892864227295
AlCo 0 0.0 3.0589892864227295
AlCo 0 0.0 3.116392135620117
AlCo 0 0.0 3.116392135620117
AlCo 0 0.0 3.1413838863372803
AlCo 0 0.0 3.1413838863372803
AlCo 0 0.0 3.2555580139160156
AlCo 0 0.0 3.2555580139160156
AlCo 0 0.0 3.3798439502716064
AlCo 0 0.0 3.3798439502716064
AlCo 0 0.0 3.3798439502716064
AlCo 0 0.0 3.4061360359191895
AlCo 0 0.0 3.514810562133789
AlCo 0 0.0 3.5798914432525635
AlCo 0 0.0 3.5798914432525635
AlCo 0 0.0 3.5798914432525635
AlCo 0 0.0 3.5798914432525635
AlCo 0 0.0 3.730989456176758
AlCo 0 0.0 inf
AlCo 1 5.652195930480957 6.081282138824463
AlCo 1 5.233150482177734 5.928746223449707
AlCo 1 4.588069438934326 6.485619068145752
AlCo 1 4.546076774597168 5.467557907104492
AlCo 1 4.381834983825684 4.546076774597168
AlCo 1 4.357571601867676 5.241556644439697
AlCo 1 3.9113378524780273 5.241556644439697
AlCo 1 3.8135318756103516 4.546076774597168
AlCo 1 3.602907180786133 4.730685234069824
AlCo 1 3.5954678058624268 3.674571990966797
AlCo 1 3.5954678058624268 4.0167365074157715
AlCo 1 3.5954678058624268 4.0167365074157715
AlCo 1 3.5798914432525635 4.851109027862549
AlCo 1 3.5064289569854736 3.8135318756103516
AlCo 1 3.4061360359191895 3.514810562133789
AlCo 1 3.4061360359191895 3.514810562133789
AlCo 1 3.3798439502716064 3.9113378524780273
AlCo 1 3.2555580139160156 3.8135318756103516
AlCo 2 7.574459075927734 7.593682765960693
AlCo 2 7.338458061218262 7.593682765960693
AlCo 2 7.338458061218262 7.593682765960693
AlCo 2 7.308238983154297 7.855448246002197
AlCo 2 6.485619068145752 6.643464088439941
AlAl 0 0.0 1.3486991292666062e-06
AlAl 0 0.0 0.8408114314079285
AlAl 0 0.0 2.2285640239715576
AlAl 0 0.0 2.9592361450195312
AlAl 0 0.0 2.9592361450195312
AlAl 0 0.0 2.9592361450195312
AlAl 0 0.0 2.9592361450195312
AlAl 0 0.0 3.098141670227051
AlAl 0 0.0 3.098141670227051
AlAl 0 0.0 3.098141670227051
AlAl 0 0.0 3.374128818511963
AlAl 0 0.0 3.374128818511963
AlAl 0 0.0 3.8131263256073
AlAl 0 0.0 3.895552158355713
AlAl 0 0.0 3.895552158355713
AlAl 0 0.0 4.003441333770752
AlAl 0 0.0 4.003441333770752
AlAl 0 0.0 4.003441333770752
AlAl 0 0.0 4.003441333770752
AlAl 0 0.0 4.26772403717041
AlAl 0 0.0 4.781454563140869
AlAl 0 0.0 4.781454563140869
AlAl 0 0.0 4.781454563140869
AlAl 0 0.0 5.079576015472412
AlAl 0 0.0 5.079576015472412
AlAl 0 0.0 5.099965572357178
AlAl 0 0.0 inf
AlAl 1 7.150257587432861 7.593682765960693
AlAl 1 5.837907791137695 6.991800785064697
AlAl 1 5.620048999786377 6.353856563568115
AlAl 1 5.620048999786377 6.9001688957214355
AlAl 1 5.099965572357178 5.52877140045166
AlAl 1 5.099965572357178 5.52877140045166
AlAl 1 4.781454563140869 6.991800785064697
AlCo 0 0.0 1.3486991292666062e-06
AlCo 0 0.0 0.8408114314079285
AlCo 0 0.0 1.769702672958374
AlCo 0 0.0 1.769702672958374
AlCo 0 0.0 1.769702672958374
AlCo 0 0.0 1.769702672958374
AlCo 0 0.0 2.2285640239715576
AlCo 0 0.0 2.253535032272339
AlCo 0 0.0 2.253535032272339
AlCo 0 0.0 2.253535032272339
AlCo 0 0.0 2.253535032272339
AlCo 0 0.0 2.253535032272339
AlCo 0 0.0 2.5473873615264893
AlCo 0 0.0 2.5473873615264893
AlCo 0 0.0 2.802572250366211
AlCo 0 0.0 2.9592361450195312
AlCo 0 0.0 2.9592361450195312
AlCo 0 0.0 2.9592361450195312
AlCo 0 0.0 2.9592361450195312
AlCo 0 0.0 3.036759614944458
AlCo 0 0.0 3.036759614944458
AlCo 0 0.0 3.036759614944458
AlCo 0 0.0 3.036759614944458
AlCo 0 0.0 3.036759614944458
AlCo 0 0.0 3.036759614944458
AlCo 0 0.0 3.098141670227051
AlCo 0 0.0 3.098141670227051
AlCo 0 0.0 3.098141670227051
AlCo 0 0.0 3.3023691177368164
AlCo 0 0.0 3.3023691177368164
AlCo 0 0.0 3.374128818511963
AlCo 0 0.0 3.374128818511963
AlCo 0 0.0 3.5064289569854736
AlCo 0 0.0 3.5798914432525635
AlCo 0 0.0 3.5798914432525635
AlCo 0 0.0 3.5798914432525635
AlCo 0 0.0 3.8131263256073
AlCo 0 0.0 3.895552158355713
AlCo 0 0.0 4.003441333770752
AlCo 0 0.0 4.807508945465088
AlCo 0 0.0 5.099965572357178
AlCo 0 0.0 inf
AlCo 1 5.837907791137695 5.981895446777344
AlCo 1 5.481971263885498 6.2699737548828125
AlCo 1 5.099965572357178 5.156426906585693
AlCo 1 5.099965572357178 5.52877140045166
AlCo 1 4.807508945465088 6.9001688957214355
AlCo 1 4.483603000640869 5.656190872192383
AlCo 1 4.26772403717041 4.546076774597168
AlCo 1 4.003441333770752 5.481971263885498
AlCo 1 4.003441333770752 4.739552974700928
AlCo 1 4.003441333770752 5.981895446777344
AlCo 1 3.895552158355713 6.605585098266602
AlCo 2 7.663027286529541 7.67117977142334
AlCo 2 7.1640801429748535 7.593682765960693
CoAl 0 0.0 0.7149844169616699
CoAl 0 0.0 0.7149844169616699
CoAl 0 0.0 0.8408114314079285
CoAl 0 0.0 0.8408114314079285
CoAl 0 0.0 0.8408114314079285
CoAl 0 0.0 0.8408114314079285
CoAl 0 0.0 0.8408114314079285
CoAl 0 0.0 0.8408114314079285
CoAl 0 0.0 0.8408114314079285
CoAl 0 0.0 0.8408114314079285
CoAl 0 0.0 0.8408114314079285
CoAl 0 0.0 0.8408114314079285
CoAl 0 0.0 0.8408114314079285
CoAl 0 0.0 0.8408114314079285
CoAl 0 0.0 0.8408114314079285
CoAl 0 0.0 0.8408114314079285
CoAl 0 0.0 0.8408114314079285
CoAl 0 0.0 0.8408114314079285
CoAl 0 0.0 1.3100775480270386
CoAl 0 0.0 1.3100775480270386
CoAl 0 0.0 1.499591588973999
CoAl 0 0.0 1.499591588973999
CoAl 0 0.0 1.499591588973999
CoAl 0 0.0 1.499591588973999
CoAl 0 0.0 1.499591588973999
CoAl 0 0.0 1.499591588973999
CoAl 0 0.0 1.499591588973999
CoAl 0 0.0 1.499591588973999
CoAl 0 0.0 1.7685301303863525
CoAl 0 0.0 1.7685301303863525
CoAl 0 0.0 2.0063998699188232
CoAl 0 0.0 2.0158944129943848
CoAl 0 0.0 2.2285640239715576
CoAl 0 0.0 2.2285640239715576
CoAl 0 0.0 2.253535032272339
CoAl 0 0.0 2.530388355255127
CoAl 0 0.0 2.5473873615264893
CoAl 0 0.0 2.6832799911499023
CoAl 0 0.0 2.6832799911499023
CoAl 0 0.0 2.6832799911499023
CoAl 0 0.0 2.6832799911499023
CoAl 0 0.0 2.6832799911499023
CoAl 0 0.0 2.6832799911499023
CoAl 0 0.0 2.9285218715667725
CoAl 0 0.0 3.036759614944458
CoAl 0 0.0 3.1413838863372803
CoAl 0 0.0 3.4061360359191895
CoAl 0 0.0 3.4061360359191895
CoAl 0 0.0 3.5798914432525635
CoAl 0 0.0 3.5798914432525635
CoAl 0 0.0 3.5798914432525635
CoAl 0 0.0 3.5798914432525635
CoAl 0 0.0 3.5798914432525635
CoAl 0 0.0 3.5798914432525635
CoAl 0 0.0 3.5798914432525635
CoAl 0 0.0 3.5798914432525635
CoAl 0 0.0 3.5798914432525635
CoAl 0 0.0 3.7460103034973145
CoAl 0 0.0 3.7460103034973145
CoAl 0 0.0 4.0580596923828125
CoAl 0 0.0 4.132421016693115
CoAl 0 0.0 4.26772403717041
CoAl 0 0.0 4.409140110015869
CoAl 0 0.0 4.807508945465088
CoAl 0 0.0 inf
CoAl 1 7.308238983154297 7.376742362976074
CoAl 1 5.099965572357178 5.342530250549316
CoAl 1 5.099965572357178 5.342530250549316
CoAl 1 5.099965572357178 5.168811321258545
CoAl 1 4.838229656219482 4.851109027862549
CoAl 1 4.838229656219482 5.099965572357178
CoAl 1 4.807508945465088 6.752871513366699
CoAl 1 4.523663520812988 5.099965572357178
CoAl 1 4.409140110015869 4.730685234069824
CoAl 1 4.292680263519287 5.3559064865112305
CoAl 1 4.292680263519287 4.730685234069824
CoAl 1 4.26772403717041 6.335387706756592
CoAl 1 3.9888973236083984 5.174623966217041
CoAl 1 3.7460103034973145 4.730685234069824
CoAl 1 3.5954678058624268 3.848986864089966
CoAl 1 3.5954678058624268 4.807508945465088
CoAl 1 3.374128818511963 3.5798914432525635
CoAl 1 3.098141670227051 3.5064289569854736
CoAl 1 3.0589892864227295 3.4159274101257324
CoAl 1 2.6832799911499023 2.8119308948516846
CoAl 1 2.6832799911499023 2.8119308948516846
CoAl 1 1.499591588973999 1.7192262411117554
CoAl 1 1.499591588973999 1.7192262411117554
CoAl 1 1.499591588973999 1.7192262411117554
CoAl 1 1.499591588973999 1.7192262411117554
CoAl 1 1.499591588973999 1.7192262411117554
CoAl 1 1.499591588973999 1.7192262411117554
CoAl 2 7.895539283752441 7.908023357391357
CoAl 2 7.671180248260498 7.784151554107666
CoAl 2 7.671180248260498 7.784151554107666
CoAl 2 7.042169094085693 7.118731498718262
CoAl 2 6.752871513366699 6.917373180389404
CoAl 2 6.335387706756592 6.360814571380615
CoCo 0 0.0 2.0063998699188232
CoCo 0 0.0 2.530388355255127
CoCo 0 0.0 2.5473873615264893
CoCo 0 0.0 3.3023691177368164
CoCo 0 0.0 3.4061360359191895
CoCo 0 0.0 3.4061360359191895
CoCo 0 0.0 4.292680263519287
CoCo 0 0.0 4.292680263519287
CoCo 0 0.0 4.492457866668701
CoCo 0 0.0 6.231547832489014
CoCo 0 0.0 6.335387706756592
CoCo 0 0.0 6.981313228607178
CoCo 0 0.0 7.376742362976074
CoCo 0 0.0 7.376742362976074
CoCo 0 0.0 7.593682765960693
CoCo 0 0.0 inf
CoCo 1 7.3713531494140625 7.784151554107666
CoCo 1 6.981313228607178 7.671180248260498
CoCo 1 6.381483554840088 7.376742362976074
CoAl 0 0.0 0.8408114314079285
CoAl 0 0.0 0.8408114314079285
CoAl 0 0.0 0.8408114314079285
CoAl 0 0.0 0.8408114314079285
CoAl 0 0.0 0.8408114314079285
CoAl 0 0.0 0.8408114314079285
CoAl 0 0.0 0.8408114314079285
CoAl 0 0.0 0.8408114314079285
CoAl 0 0.0 0.8408114314079285
CoAl 0 0.0 0.8408114314079285
CoAl 0 0.0 0.8408114314079285
CoAl 0 0.0 0.8408114314079285
CoAl 0 0.0 0.8408114314079285
CoAl 0 0.0 0.8408114314079285
CoAl 0 0.0 0.8408114314079285
CoAl 0 0.0 0.8408114314079285
CoAl 0 0.0 1.499591588973999
CoAl 0 0.0 1.499591588973999
CoAl 0 0.0 1.499591588973999
CoAl 0 0.0 1.499591588973999
CoAl 0 0.0 1.499591588973999
CoAl 0 0.0 1.499591588973999
CoAl 0 0.0 1.499591588973999
CoAl 0 0.0 1.499591588973999
CoAl 0 0.0 1.5427212715148926
CoAl 0 0.0 2.476607322692871
CoAl 0 0.0 2.639620065689087
CoAl 0 0.0 2.6832799911499023
CoAl 0 0.0 2.6832799911499023
CoAl 0 0.0 2.6832799911499023
CoAl 0 0.0 2.6832799911499023
CoAl 0 0.0 2.6832799911499023
CoAl 0 0.0 2.6832799911499023
CoAl 0 0.0 2.802572250366211
CoAl 0 0.0 3.0264322757720947
CoAl 0 0.0 3.0264322757720947
CoAl 0 0.0 3.232020616531372
CoAl 0 0.0 3.5798914432525635
CoAl 0 0.0 3.5798914432525635
CoAl 0 0.0 3.5798914432525635
CoAl 0 0.0 3.5798914432525635
CoAl 0 0.0 3.5798914432525635
CoAl 0 0.0 3.5798914432525635
CoAl 0 0.0 3.5798914432525635
CoAl 0 0.0 3.5798914432525635
CoAl 0 0.0 3.5954678058624268
CoAl 0 0.0 3.7460103034973145
CoAl 0 0.0 3.7460103034973145
CoAl 0 0.0 3.7460103034973145
CoAl 0 0.0 3.7460103034973145
CoAl 0 0.0 4.0580596923828125
CoAl 0 0.0 4.0580596923828125
CoAl 0 0.0 4.0580596923828125
CoAl 0 0.0 4.26772403717041
CoAl 0 0.0 4.523663520812988
CoAl 0 0.0 inf
CoAl 1 7.67117977142334 7.671180248260498
CoAl 1 5.099965572357178 5.168811321258545
CoAl 1 5.099965572357178 5.168811321258545
CoAl 1 5.099965572357178 5.168811321258545
CoAl 1 5.099965572357178 5.168811321258545
CoAl 1 4.523663520812988 5.60767126083374
CoAl 1 4.523663520812988 7.276566028594971
CoAl 1 4.409140110015869 4.730685234069824
CoAl 1 4.26772403717041 4.349761962890625
CoAl 1 4.26772403717041 4.349761962890625
CoAl 1 4.26772403717041 6.752871513366699
CoAl 1 4.26772403717041 4.807508945465088
CoAl 1 4.26772403717041 4.807508945465088
CoAl 1 3.7460103034973145 4.224132537841797
CoAl 1 3.7460103034973145 4.730685234069824
CoAl 1 2.6832799911499023 2.8119308948516846
CoAl 1 2.6832799911499023 2.8119308948516846
CoAl 1 1.499591588973999 1.7192262411117554
CoAl 1 1.499591588973999 1.7192262411117554
CoAl 1 1.499591588973999 1.7192262411117554
CoAl 1 1.499591588973999 1.7192262411117554
CoAl 1 1.499591588973999 1.7192262411117554
CoAl 1 1.499591588973999 1.7192262411117554
CoAl 2 7.671180248260498 7.895539283752441
CoAl 2 7.671180248260498 7.895539283752441
CoAl 2 7.671180248260498 7.908023357391357
CoAl 2 7.276566028594971 7.671180248260498
CoAl 2 6.752871513366699 6.917373180389404
CoAl 2 5.612780570983887 6.374149322509766
CoAl 2 5.60767126083374 5.680958271026611
CoCo 0 0.0 3.232020616531372
CoCo 0 0.0 4.756406784057617
CoCo 0 0.0 5.60767126083374
CoCo 0 0.0 7.593682765960693
CoCo 0 0.0 7.593682765960693
CoCo 0 0.0 7.67117977142334
CoCo 0 0.0 7.67117977142334
CoCo 0 0.0 7.67117977142334
CoCo 0 0.0 7.671180248260498
CoCo 0 0.0 inf
CoAl 0 0.0 0.7149844169616699
CoAl 0 0.0 0.7149844169616699
CoAl 0 0.0 0.7149844169616699
CoAl 0 0.0 0.8408114314079285
CoAl 0 0.0 0.8408114314079285
CoAl 0 0.0 0.8408114314079285
CoAl 0 0.0 0.8408114314079285
CoAl 0 0.0 1.5427212715148926
CoAl 0 0.0 1.5427212715148926
CoAl 0 0.0 1.5427212715148926
CoAl 0 0.0 1.5427212715148926
CoAl 0 0.0 2.476607322692871
CoAl 0 0.0 2.476607322692871
CoAl 0 0.0 2.476607322692871
CoAl 0 0.0 2.476607322692871
CoAl 0 0.0 2.476607322692871
CoAl 0 0.0 2.476607322692871
CoAl 0 0.0 2.802572250366211
CoAl 0 0.0 2.802572250366211
CoAl 0 0.0 2.802572250366211
CoAl 0 0.0 2.802572250366211
CoAl 0 0.0 3.0589892864227295
CoAl 0 0.0 3.0589892864227295
CoAl 0 0.0 3.0589892864227295
CoAl 0 0.0 3.3236207962036133
CoAl 0 0.0 3.3236207962036133
CoAl 0 0.0 3.3236207962036133
CoAl 0 0.0 3.3236207962036133
CoAl 0 0.0 3.3236207962036133
CoAl 0 0.0 3.3236207962036133
CoAl 0 0.0 3.5954678058624268
CoAl 0 0.0 3.5954678058624268
CoAl 0 0.0 3.8135318756103516
CoAl 0 0.0 3.8135318756103516
CoAl 0 0.0 3.9113378524780273
CoAl 0 0.0 4.212442874908447
CoAl 0 0.0 inf
CoAl 1 5.460437297821045 7.216832160949707
CoAl 1 4.989932537078857 5.233150482177734
CoAl 1 4.86777400970459 6.850334644317627
CoAl 1 4.212442874908447 4.546076774597168
CoAl 1 4.212442874908447 4.546076774597168
CoAl 1 3.8135318756103516 3.9113378524780273
CoAl 1 3.8135318756103516 3.9113378524780273
CoAl 2 7.216832160949707 7.389760971069336
CoCo 0 0.0 7.593682765960693
CoCo 0 0.0 7.593682765960693
CoCo 0 0.0 7.67117977142334
CoCo 0 0.0 7.67117977142334
CoCo 0 0.0 7.67117977142334
CoCo 0 0.0 7.67117977142334
CoCo 0 0.0 7.671180248260498
CoCo 0 0.0 7.671180248260498
CoCo 0 0.0 inf
CoAl 0 0.0 1.3486991292666062e-06
CoAl 0 0.0 1.499591588973999
CoAl 0 0.0 1.769702672958374
CoAl 0 0.0 1.769702672958374
CoAl 0 0.0 1.769702672958374
CoAl 0 0.0 1.769702672958374
CoAl 0 0.0 2.9592361450195312
CoAl 0 0.0 2.9592361450195312
CoAl 0 0.0 3.036759614944458
CoAl 0 0.0 3.036759614944458
CoAl 0 0.0 3.036759614944458
CoAl 0 0.0 3.036759614944458
CoAl 0 0.0 3.098141670227051
CoAl 0 0.0 3.098141670227051
CoAl 0 0.0 3.5064289569854736
CoAl 0 0.0 3.8131263256073
CoAl 0 0.0 3.8131263256073
CoAl 0 0.0 3.9888973236083984
CoAl 0 0.0 3.9888973236083984
CoAl 0 0.0 4.492457866668701
CoAl 0 0.0 4.807508945465088
CoAl 0 0.0 4.907188892364502
CoAl 0 0.0 5.079576015472412
CoAl 0 0.0 5.137563228607178
CoAl 0 0.0 5.481971263885498
CoAl 0 0.0 5.620048999786377
CoAl 0 0.0 5.620048999786377
CoAl 0 0.0 inf
CoAl 1 6.371917724609375 7.51329231262207
CoAl 1 5.981895446777344 7.593682765960693
CoAl 1 5.924472332000732 7.593682765960693
CoAl 1 5.837907791137695 6.2699737548828125
CoAl 1 5.8296918869018555 7.221107006072998
CoAl 1 4.807508945465088 7.268293380737305
CoAl 2 7.6364030838012695 7.67117977142334
CoAl 2 7.51329231262207 7.671180248260498
CoAl 2 7.268293380737305 7.593682765960693
CoCo 0 0.0 1.3486991292666062e-06
CoCo 0 0.0 4.483603000640869
CoCo 0 0.0 4.492457866668701
CoCo 0 0.0 5.134088516235352
CoCo 0 0.0 7.3713531494140625
CoCo 0 0.0 7.3713531494140625
CoCo 0 0.0 7.3713531494140625
CoCo 0 0.0 7.376742362976074
CoCo 0 0.0 7.376742362976074
CoCo 0 0.0 7.593682765960693
CoCo 0 0.0 7.67117977142334
CoCo 0 0.0 7.671180248260498
CoCo 0 0.0 inf
CoCo 1 7.671180248260498 7.784151554107666
CoCo 1 7.376742362976074 7.593682765960693
CoAl 0 0.0 0.8408114314079285
CoAl 0 0.0 0.8408114314079285
CoAl 0 0.0 0.8408114314079285
CoAl 0 0.0 0.8408114314079285
CoAl 0 0.0 0.8408114314079285
CoAl 0 0.0 0.8408114314079285
CoAl 0 0.0 2.0158944129943848
CoAl 0 0.0 2.0158944129943848
CoAl 0 0.0 2.088529586791992
CoAl 0 0.0 2.088529586791992
CoAl 0 0.0 2.476607322692871
CoAl 0 0.0 2.639620065689087
CoAl 0 0.0 2.9285218715667725
CoAl 0 0.0 2.9285218715667725
CoAl 0 0.0 3.0683794021606445
CoAl 0 0.0 3.1413838863372803
CoAl 0 0.0 3.1413838863372803
CoAl 0 0.0 3.220742702484131
CoAl 0 0.0 3.514810562133789
CoAl 0 0.0 3.592883586883545
CoAl 0 0.0 3.592883586883545
CoAl 0 0.0 3.592883586883545
CoAl 0 0.0 3.592883586883545
CoAl 0 0.0 3.5954678058624268
CoAl 0 0.0 3.5954678058624268
CoAl 0 0.0 3.5954678058624268
CoAl 0 0.0 3.5954678058624268
CoAl 0 0.0 3.649864435195923
CoAl 0 0.0 3.730989456176758
CoAl 0 0.0 3.730989456176758
CoAl 0 0.0 3.730989456176758
CoAl 0 0.0 3.783442258834839
CoAl 0 0.0 3.912822723388672
CoAl 0 0.0 3.9837162494659424
CoAl 0 0.0 4.0167365074157715
CoAl 0 0.0 4.119231224060059
CoAl 0 0.0 4.263771057128906
CoAl 0 0.0 4.568093776702881
CoAl 0 0.0 4.63295316696167
CoAl 0 0.0 inf
CoAl 1 5.799252033233643 6.082943439483643
CoAl 1 5.157174110412598 6.360814571380615
CoAl 1 5.157174110412598 5.880101203918457
CoAl 1 4.946953773498535 5.2331929206848145
CoAl 1 4.838229656219482 4.851109027862549
CoAl 1 4.63295316696167 5.68662691116333
CoAl 1 4.63295316696167 5.182624816894531
CoAl 1 4.568093776702881 5.281174659729004
CoAl 1 4.568093776702881 5.2331929206848145
CoAl 1 4.568093776702881 4.583264350891113
CoAl 1 4.357571601867676 5.680958271026611
CoAl 1 4.263771057128906 4.357571601867676
CoAl 1 4.010030746459961 5.157174110412598
CoAl 1 3.9837162494659424 4.851109027862549
CoAl 1 3.730989456176758 4.583264350891113
CoAl 2 6.360814571380615 7.593682765960693
CoAl 2 6.157312393188477 7.074795722961426
CoCo 0 0.0 3.220742702484131
CoCo 0 0.0 3.514810562133789
CoCo 0 0.0 4.756406784057617
CoCo 0 0.0 6.678872108459473
CoCo 0 0.0 6.825543403625488
CoCo 0 0.0 7.593682765960693
CoCo 0 0.0 7.67117977142334
CoCo 0 0.0 7.67117977142334
CoCo 0 0.0 7.67117977142334
CoCo 0 0.0 7.67117977142334
CoCo 0 0.0 7.671180248260498
CoCo 0 0.0 inf
CoCo 1 7.671180248260498 7.718380928039551
CoAl 0 0.0 9.5367431640625e-07
CoAl 0 0.0 0.7149844169616699
CoAl 0 0.0 0.8408114314079285
CoAl 0 0.0 0.8408114314079285
CoAl 0 0.0 0.8408114314079285
CoAl 0 0.0 0.8408114314079285
CoAl 0 0.0 0.8408114314079285
CoAl 0 0.0 0.8408114314079285
CoAl 0 0.0 1.259835124015808
CoAl 0 0.0 1.499591588973999
CoAl 0 0.0 2.3898327350616455
CoAl 0 0.0 2.530388355255127
CoAl 0 0.0 2.6832799911499023
CoAl 0 0.0 2.6832799911499023
CoAl 0 0.0 2.9285218715667725
CoAl 0 0.0 2.9285218715667725
CoAl 0 0.0 2.9285218715667725
CoAl 0 0.0 2.9592361450195312
CoAl 0 0.0 3.1413838863372803
CoAl 0 0.0 3.1413838863372803
CoAl 0 0.0 3.4061360359191895
CoAl 0 0.0 3.4061360359191895
CoAl 0 0.0 3.5798914432525635
CoAl 0 0.0 3.5798914432525635
CoAl 0 0.0 3.592883586883545
CoAl 0 0.0 3.592883586883545
CoAl 0 0.0 3.592883586883545
CoAl 0 0.0 3.592883586883545
CoAl 0 0.0 3.5954678058624268
CoAl 0 0.0 3.5954678058624268
CoAl 0 0.0 3.633941650390625
CoAl 0 0.0 3.635467052459717
CoAl 0 0.0 3.635467052459717
CoAl 0 0.0 3.649864435195923
CoAl 0 0.0 3.649864435195923
CoAl 0 0.0 4.263771057128906
CoAl 0 0.0 4.588069438934326
CoAl 0 0.0 4.588069438934326
CoAl 0 0.0 inf
CoAl 1 6.360814571380615 7.593682765960693
CoAl 1 6.082943439483643 7.593682765960693
CoAl 1 5.501058101654053 5.612780570983887
CoAl 1 5.127434730529785 5.52877140045166
CoAl 1 4.568093776702881 4.583264350891113
CoAl 1 4.46980619430542 4.794284343719482
CoAl 1 4.46980619430542 4.851109027862549
CoAl 1 4.263771057128906 5.3559064865112305
CoAl 1 4.001375675201416 5.2331929206848145
CoAl 1 3.649864435195923 3.912822723388672
CoAl 1 3.633941650390625 3.6339428424835205
CoCo 0 0.0 9.5367431640625e-07
CoCo 0 0.0 2.530388355255127
CoCo 0 0.0 3.4061360359191895
CoCo 0 0.0 3.4061360359191895
CoCo 0 0.0 4.292680263519287
CoCo 0 0.0 4.292680263519287
CoCo 0 0.0 4.756406784057617
CoCo 0 0.0 6.981313228607178
CoCo 0 0.0 7.593682765960693
CoCo 0 0.0 7.593682765960693
CoCo 0 0.0 7.67117977142334
CoCo 0 0.0 7.67117977142334
CoCo 0 0.0 inf
CoCo 1 6.981313228607178 7.4644012451171875
CoAl 0 0.0 1.769702672958374
CoAl 0 0.0 1.769702672958374
CoAl 0 0.0 1.769702672958374
CoAl 0 0.0 1.769702672958374
CoAl 0 0.0 1.769702672958374
CoAl 0 0.0 1.769702672958374
CoAl 0 0.0 2.9592361450195312
CoAl 0 0.0 2.9592361450195312
CoAl 0 0.0 2.9592361450195312
CoAl 0 0.0 3.036759614944458
CoAl 0 0.0 3.036759614944458
CoAl 0 0.0 3.098141670227051
CoAl 0 0.0 3.098141670227051
CoAl 0 0.0 3.895552158355713
CoAl 0 0.0 4.003441333770752
CoAl 0 0.0 5.079576015472412
CoAl 0 0.0 5.8296918869018555
CoAl 0 0.0 5.924472332000732
CoAl 0 0.0 5.924472332000732
CoAl 0 0.0 7.593682765960693
CoAl 0 0.0 inf
CoAl 1 7.593682765960693 7.797170639038086
CoAl 1 7.268293380737305 7.593682765960693
CoAl 1 5.099965572357178 5.52877140045166
CoCo 0 0.0 7.593682765960693
CoCo 0 0.0 7.593682765960693
CoCo 0 0.0 7.67117977142334
CoCo 0 0.0 7.67117977142334
CoCo 0 0.0 7.67117977142334
CoCo 0 0.0 7.67117977142334
CoCo 0 0.0 7.671180248260498
CoCo 0 0.0 7.671180248260498
CoCo 0 0.0 inf
CoAl 0 0.0 0.7149844169616699
CoAl 0 0.0 0.7149844169616699
CoAl 0 0.0 0.7149844169616699
CoAl 0 0.0 0.7149844169616699
CoAl 0 0.0 0.8408114314079285
CoAl 0 0.0 0.8408114314079285
CoAl 0 0.0 0.8408114314079285
CoAl 0 0.0 0.8408114314079285
CoAl 0 0.0 0.8408114314079285
CoAl 0 0.0 0.8408114314079285
CoAl 0 0.0 0.8408114314079285
CoAl 0 0.0 0.8408114314079285
CoAl 0 0.0 1.3100775480270386
CoAl 0 0.0 1.3100775480270386
CoAl 0 0.0 1.499591588973999
CoAl 0 0.0 1.499591588973999
CoAl 0 0.0 2.3898327350616455
CoAl 0 0.0 2.465301752090454
CoAl 0 0.0 2.465301752090454
CoAl 0 0.0 2.530388355255127
CoAl 0 0.0 2.5473873615264893
CoAl 0 0.0 2.6832799911499023
CoAl 0 0.0 2.6832799911499023
CoAl 0 0.0 2.802572250366211
CoAl 0 0.0 2.802572250366211
CoAl 0 0.0 2.802572250366211
CoAl 0 0.0 2.802572250366211
CoAl 0 0.0 2.802572250366211
CoAl 0 0.0 2.9285218715667725
CoAl 0 0.0 2.9592361450195312
CoAl 0 0.0 3.0589892864227295
CoAl 0 0.0 3.0589892864227295
CoAl 0 0.0 3.0589892864227295
CoAl 0 0.0 3.070185899734497
CoAl 0 0.0 3.116392135620117
CoAl 0 0.0 3.216580867767334
CoAl 0 0.0 3.232020616531372
CoAl 0 0.0 3.5798914432525635
CoAl 0 0.0 3.5798914432525635
CoAl 0 0.0 3.5954678058624268
CoAl 0 0.0 3.5954678058624268
CoAl 0 0.0 3.5954678058624268
CoAl 0 0.0 3.8135318756103516
CoAl 0 0.0 3.8135318756103516
CoAl 0 0.0 3.8135318756103516
CoAl 0 0.0 3.8135318756103516
CoAl 0 0.0 4.132421016693115
CoAl 0 0.0 4.212442874908447
CoAl 0 0.0 5.239179611206055
CoAl 0 0.0 inf
CoAl 1 5.3559064865112305 5.42150354385376
CoAl 1 5.239179611206055 5.604570388793945
CoAl 1 5.239179611206055 7.339852333068848
CoAl 1 5.239179611206055 5.604570388793945
CoAl 1 5.157174110412598 5.928746223449707
CoAl 1 5.033811092376709 5.27379846572876
CoAl 1 4.989932537078857 5.460437297821045
CoAl 1 4.848642826080322 5.462668418884277
CoAl 1 4.838229656219482 4.851109027862549
CoAl 1 4.838229656219482 5.604570388793945
CoAl 1 4.730685234069824 5.7014689445495605
CoAl 1 4.519265174865723 5.3559064865112305
CoAl 1 4.212442874908447 4.546076774597168
CoAl 1 4.212442874908447 4.546076774597168
CoAl 1 3.8135318756103516 5.526978969573975
CoAl 1 3.5954678058624268 4.445010662078857
CoAl 1 3.5954678058624268 3.674571990966797
CoAl 1 3.5954678058624268 3.6339428424835205
CoAl 1 3.5798914432525635 4.756502628326416
CoAl 1 3.4061360359191895 3.514810562133789
CoAl 1 3.0589892864227295 3.9318113327026367
CoAl 2 7.671180248260498 7.691591739654541
CoAl 2 6.631563186645508 6.643464088439941
CoAl 2 5.612780570983887 6.509439468383789
CoAl 2 5.60767126083374 6.370058536529541
CoCo 0 0.0 2.530388355255127
CoCo 0 0.0 2.5473873615264893
CoCo 0 0.0 3.232020616531372
CoCo 0 0.0 3.4061360359191895
CoCo 0 0.0 4.756406784057617
CoCo 0 0.0 5.033811092376709
CoCo 0 0.0 5.281280994415283
CoCo 0 0.0 5.60767126083374
CoCo 0 0.0 6.381483554840088
CoCo 0 0.0 6.825543403625488
CoCo 0 0.0 7.593682765960693
CoCo 0 0.0 7.67117977142334
CoCo 0 0.0 7.67117977142334
CoCo 0 0.0 inf
CoCo 1 7.67117977142334 7.718380928039551
CoCo 1 6.678872108459473 6.825543403625488
