HoHo 0 0.0 4.76837158203125e-07
HoHo 0 0.0 3.7352609634399414
HoHo 0 0.0 3.7352609634399414
HoHo 0 0.0 3.7352609634399414
HoHo 0 0.0 3.7352609634399414
HoHo 0 0.0 3.7352609634399414
HoHo 0 0.0 3.7352609634399414
HoHo 0 0.0 3.7352609634399414
HoHo 0 0.0 3.7352609634399414
HoHo 0 0.0 3.7352609634399414
HoHo 0 0.0 3.7352609634399414
HoHo 0 0.0 3.7352609634399414
HoHo 0 0.0 3.7352609634399414
HoHo 0 0.0 3.7352609634399414
HoHo 0 0.0 3.7352609634399414
HoHo 0 0.0 3.7352609634399414
HoHo 0 0.0 3.7352609634399414
HoHo 0 0.0 3.7352609634399414
HoHo 0 0.0 3.7352609634399414
HoHo 0 0.0 3.7352609634399414
HoHo 0 0.0 3.7352609634399414
HoHo 0 0.0 3.7352609634399414
HoHo 0 0.0 3.7352609634399414
HoHo 0 0.0 3.7352609634399414
HoHo 0 0.0 3.7352609634399414
HoHo 0 0.0 3.7352609634399414
HoHo 0 0.0 3.7352609634399414
HoHo 0 0.0 3.7352609634399414
HoHo 0 0.0 3.7352609634399414
HoHo 0 0.0 3.7352609634399414
HoHo 0 0.0 3.7352609634399414
HoHo 0 0.0 3.7352609634399414
HoHo 0 0.0 3.7352609634399414
HoHo 0 0.0 inf
HoHo 1 3.7352609634399414 5.282456874847412
HoHo 1 3.7352609634399414 5.282456874847412
HoHo 1 3.7352609634399414 5.282456874847412
HoHo 1 3.7352609634399414 5.282456874847412
HoHo 1 3.7352609634399414 5.282456874847412
HoHo 1 3.7352609634399414 5.282456874847412
HoHo 1 3.7352609634399414 5.282456874847412
HoHo 1 3.7352609634399414 5.282456874847412
HoHo 1 3.7352609634399414 5.282456874847412
HoHo 1 3.7352609634399414 5.282456874847412
HoHo 1 3.7352609634399414 5.282456874847412
HoHo 1 3.7352609634399414 5.282456874847412
HoHo 1 3.7352609634399414 5.282456874847412
HoHo 1 3.7352609634399414 5.282456874847412
HoHo 1 3.7352609634399414 5.282456874847412
HoHo 1 3.7352609634399414 5.282456874847412
HoHo 1 3.7352609634399414 5.282456874847412
HoHo 1 3.7352609634399414 5.282456874847412
HoHo 1 3.7352609634399414 5.282456874847412
HoHo 1 3.7352609634399414 5.282456874847412
HoHo 1 3.7352609634399414 5.282456874847412
HoHo 1 3.7352609634399414 5.282456874847412
HoHo 1 3.7352609634399414 5.282456874847412
HoHo 1 3.7352609634399414 5.282456874847412
HoHo 1 3.7352609634399414 5.282456874847412
HoHo 1 3.7352609634399414 5.282456874847412
HoHo 1 3.7352609634399414 5.282456874847412
HoHo 1 3.7352609634399414 5.282456874847412
HoCd 0 0.0 4.76837158203125e-07
HoCd 0 0.0 0.8563858866691589
HoCd 0 0.0 0.8563858866691589
HoCd 0 0.0 0.8563858866691589
HoCd 0 0.0 0.8563858866691589
HoCd 0 0.0 0.8563858866691589
HoCd 0 0.0 0.8563858866691589
HoCd 0 0.0 0.8563858866691589
HoCd 0 0.0 0.8563858866691589
HoCd 0 0.0 0.8563858866691589
HoCd 0 0.0 0.8563858866691589
HoCd 0 0.0 0.8563858866691589
HoCd 0 0.0 0.8563858866691589
HoCd 0 0.0 0.8563858866691589
HoCd 0 0.0 0.8563858866691589
HoCd 0 0.0 0.8563858866691589
HoCd 0 0.0 0.8563858866691589
HoCd 0 0.0 0.8563858866691589
HoCd 0 0.0 0.8563858866691589
HoCd 0 0.0 0.8563858866691589
HoCd 0 0.0 0.8563858866691589
HoCd 0 0.0 0.8563858866691589
HoCd 0 0.0 0.8563858866691589
HoCd 0 0.0 0.8563858866691589
HoCd 0 0.0 0.8563858866691589
HoCd 0 0.0 0.8563858866691589
HoCd 0 0.0 0.8563858866691589
HoCd 0 0.0 0.8563858866691589
HoCd 0 0.0 0.8563858866691589
HoCd 0 0.0 0.8563858866691589
HoCd 0 0.0 0.8563858866691589
HoCd 0 0.0 0.8563858866691589
HoCd 0 0.0 0.8563858866691589
HoCd 0 0.0 0.8563858866691589
HoCd 0 0.0 3.315401554107666
HoCd 0 0.0 3.315401554107666
HoCd 0 0.0 3.315401554107666
HoCd 0 0.0 3.315401554107666
HoCd 0 0.0 3.315401554107666
HoCd 0 0.0 3.315401554107666
HoCd 0 0.0 3.315401554107666
HoCd 0 0.0 3.315401554107666
HoCd 0 0.0 3.315401554107666
HoCd 0 0.0 3.315401554107666
HoCd 0 0.0 3.315401554107666
HoCd 0 0.0 3.315401554107666
HoCd 0 0.0 3.315401554107666
HoCd 0 0.0 3.315401554107666
HoCd 0 0.0 3.315401554107666
HoCd 0 0.0 3.315401554107666
HoCd 0 0.0 3.315401554107666
HoCd 0 0.0 3.315401554107666
HoCd 0 0.0 3.315401554107666
HoCd 0 0.0 3.315401554107666
HoCd 0 0.0 3.315401554107666
HoCd 0 0.0 3.315401554107666
HoCd 0 0.0 3.315401554107666
HoCd 0 0.0 3.315401554107666
HoCd 0 0.0 3.315401554107666
HoCd 0 0.0 3.315401554107666
HoCd 0 0.0 3.315401554107666
HoCd 0 0.0 3.315401554107666
HoCd 0 0.0 3.315401554107666
HoCd 0 0.0 3.315401554107666
HoCd 0 0.0 3.315401554107666
HoCd 0 0.0 3.315401554107666
HoCd 0 0.0 3.315401554107666
HoCd 0 0.0 3.315401554107666
HoCd 0 0.0 3.315401554107666
HoCd 0 0.0 3.315401554107666
HoCd 0 0.0 3.315401554107666
HoCd 0 0.0 3.315401554107666
HoCd 0 0.0 inf
HoCd 1 3.315401554107666 4.609813213348389
HoCd 1 3.315401554107666 4.609813213348389
HoCd 1 3.315401554107666 4.609813213348389
HoCd 1 3.315401554107666 4.609813213348389
HoCd 1 3.315401554107666 4.609813213348389
HoCd 1 3.315401554107666 4.609813213348389
HoCd 1 3.315401554107666 4.609813213348389
HoCd 1 3.315401554107666 4.609813213348389
HoCd 1 3.315401554107666 4.609813213348389
HoCd 1 3.315401554107666 4.609813213348389
HoCd 1 3.315401554107666 4.609813213348389
HoCd 1 3.315401554107666 4.609813213348389
HoCd 1 3.315401554107666 4.609813213348389
HoCd 1 3.315401554107666 4.609813213348389
HoCd 1 3.315401554107666 4.609813213348389
HoCd 1 3.315401554107666 4.609813213348389
HoCd 1 3.315401554107666 4.609813213348389
HoCd 1 3.315401554107666 4.609813213348389
HoCd 1 3.315401554107666 4.609813213348389
HoCd 1 3.315401554107666 4.609813213348389
HoCd 1 3.315401554107666 4.609813213348389
HoCd 1 3.315401554107666 4.609813213348389
HoCd 1 3.315401554107666 4.609813213348389
HoCd 1 3.315401554107666 4.609813213348389
HoCd 1 3.315401554107666 4.609813213348389
HoCd 1 3.315401554107666 4.609813213348389
HoCd 1 3.315401554107666 4.609813213348389
HoCd 1 3.315401554107666 4.609813213348389
HoCd 1 3.315401554107666 4.609813213348389
HoCd 1 3.315401554107666 4.609813213348389
HoCd 1 3.315401554107666 4.609813213348389
HoCd 1 3.315401554107666 4.609813213348389
HoCd 1 3.315401554107666 4.609813213348389
HoCd 1 3.315401554107666 4.609813213348389
HoCd 2 4.609813213348389 5.282456874847412
HoCd 2 4.609813213348389 5.282456874847412
HoCd 2 4.609813213348389 5.282456874847412
HoCd 2 4.609813213348389 5.282456874847412
HoCd 2 4.609813213348389 5.282456874847412
HoCd 2 4.609813213348389 5.282456874847412
HoCd 2 4.609813213348389 5.282456874847412
HoCd 2 4.609813213348389 5.282456874847412
CdHo 0 0.0 0.8563858866691589
CdHo 0 0.0 0.8563858866691589
CdHo 0 0.0 0.8563858866691589
CdHo 0 0.0 0.8563858866691589
CdHo 0 0.0 0.8563858866691589
CdHo 0 0.0 0.8563858866691589
CdHo 0 0.0 0.8563858866691589
CdHo 0 0.0 0.8563858866691589
CdHo 0 0.0 0.8563858866691589
CdHo 0 0.0 0.8563858866691589
CdHo 0 0.0 0.8563858866691589
CdHo 0 0.0 0.8563858866691589
CdHo 0 0.0 0.8563858866691589
CdHo 0 0.0 0.8563858866691589
CdHo 0 0.0 0.8563858866691589
CdHo 0 0.0 0.8563858866691589
CdHo 0 0.0 0.8563858866691589
CdHo 0 0.0 0.8563858866691589
CdHo 0 0.0 0.8563858866691589
CdHo 0 0.0 0.8563858866691589
CdHo 0 0.0 0.8563858866691589
CdHo 0 0.0 0.8563858866691589
CdHo 0 0.0 0.8563858866691589
CdHo 0 0.0 0.8563858866691589
CdHo 0 0.0 0.8563858866691589
CdHo 0 0.0 0.8563858866691589
CdHo 0 0.0 0.8563858866691589
CdHo 0 0.0 0.8563858866691589
CdHo 0 0.0 0.8563858866691589
CdHo 0 0.0 0.8563858866691589
CdHo 0 0.0 3.315401554107666
CdHo 0 0.0 3.315401554107666
CdHo 0 0.0 3.315401554107666
CdHo 0 0.0 3.315401554107666
CdHo 0 0.0 3.315401554107666
CdHo 0 0.0 3.315401554107666
CdHo 0 0.0 3.315401554107666
CdHo 0 0.0 3.315401554107666
CdHo 0 0.0 3.315401554107666
CdHo 0 0.0 3.315401554107666
CdHo 0 0.0 3.315401554107666
CdHo 0 0.0 3.315401554107666
CdHo 0 0.0 3.315401554107666
CdHo 0 0.0 3.315401554107666
CdHo 0 0.0 3.315401554107666
CdHo 0 0.0 3.315401554107666
CdHo 0 0.0 3.315401554107666
CdHo 0 0.0 3.315401554107666
CdHo 0 0.0 3.315401554107666
CdHo 0 0.0 3.315401554107666
CdHo 0 0.0 3.315401554107666
CdHo 0 0.0 3.315401554107666
CdHo 0 0.0 3.315401554107666
CdHo 0 0.0 3.315401554107666
CdHo 0 0.0 3.315401554107666
CdHo 0 0.0 3.315401554107666
CdHo 0 0.0 3.315401554107666
CdHo 0 0.0 3.315401554107666
CdHo 0 0.0 3.315401554107666
CdHo 0 0.0 3.315401554107666
CdHo 0 0.0 3.315401554107666
CdHo 0 0.0 3.315401554107666
CdHo 0 0.0 3.315401554107666
CdHo 0 0.0 3.315401554107666
CdHo 0 0.0 3.315401554107666
CdHo 0 0.0 3.315401554107666
CdHo 0 0.0 3.315401554107666
CdHo 0 0.0 3.315401554107666
CdHo 0 0.0 inf
CdHo 1 3.315401554107666 4.609813213348389
CdHo 1 3.315401554107666 4.609813213348389
CdHo 1 3.315401554107666 4.609813213348389
CdHo 1 3.315401554107666 4.609813213348389
CdHo 1 3.315401554107666 4.609813213348389
CdHo 1 3.315401554107666 4.609813213348389
CdHo 1 3.315401554107666 4.609813213348389
CdHo 1 3.315401554107666 4.609813213348389
CdHo 1 3.315401554107666 4.609813213348389
CdHo 1 3.315401554107666 4.609813213348389
CdHo 1 3.315401554107666 4.609813213348389
CdHo 1 3.315401554107666 4.609813213348389
CdHo 1 3.315401554107666 4.609813213348389
CdHo 1 3.315401554107666 4.609813213348389
CdHo 1 3.315401554107666 4.609813213348389
CdHo 1 3.315401554107666 4.609813213348389
CdHo 1 3.315401554107666 4.609813213348389
CdHo 1 3.315401554107666 4.609813213348389
CdHo 1 3.315401554107666 4.609813213348389
CdHo 1 3.315401554107666 4.609813213348389
CdHo 1 3.315401554107666 4.609813213348389
CdHo 1 3.315401554107666 4.609813213348389
CdHo 1 3.315401554107666 4.609813213348389
CdHo 1 3.315401554107666 4.609813213348389
CdHo 1 3.315401554107666 4.609813213348389
CdHo 1 3.315401554107666 4.609813213348389
CdHo 1 3.315401554107666 4.609813213348389
CdHo 1 3.315401554107666 4.609813213348389
CdHo 1 3.315401554107666 4.609813213348389
CdHo 1 3.315401554107666 4.609813213348389
CdHo 1 3.315401554107666 4.609813213348389
CdHo 1 3.315401554107666 4.609813213348389
CdHo 1 3.315401554107666 4.609813213348389
CdHo 1 3.315401554107666 4.609813213348389
CdHo 2 4.609813213348389 5.282456874847412
CdHo 2 4.609813213348389 5.282456874847412
CdHo 2 4.609813213348389 5.282456874847412
CdHo 2 4.609813213348389 5.282456874847412
CdHo 2 4.609813213348389 5.282456874847412
CdHo 2 4.609813213348389 5.282456874847412
CdHo 2 4.609813213348389 5.282456874847412
CdHo 2 4.609813213348389 5.282456874847412
CdCd 0 0.0 3.7352609634399414
CdCd 0 0.0 3.7352609634399414
CdCd 0 0.0 3.7352609634399414
CdCd 0 0.0 3.7352609634399414
CdCd 0 0.0 3.7352609634399414
CdCd 0 0.0 3.7352609634399414
CdCd 0 0.0 3.7352609634399414
CdCd 0 0.0 3.7352609634399414
CdCd 0 0.0 3.7352609634399414
CdCd 0 0.0 3.7352609634399414
CdCd 0 0.0 3.7352609634399414
CdCd 0 0.0 3.7352609634399414
CdCd 0 0.0 3.7352609634399414
CdCd 0 0.0 3.7352609634399414
CdCd 0 0.0 3.7352609634399414
CdCd 0 0.0 3.7352609634399414
CdCd 0 0.0 3.7352609634399414
CdCd 0 0.0 3.7352609634399414
CdCd 0 0.0 3.7352609634399414
CdCd 0 0.0 3.7352609634399414
CdCd 0 0.0 3.7352609634399414
CdCd 0 0.0 3.7352609634399414
CdCd 0 0.0 3.7352609634399414
CdCd 0 0.0 3.7352609634399414
CdCd 0 0.0 3.7352609634399414
CdCd 0 0.0 3.7352609634399414
CdCd 0 0.0 3.7352609634399414
CdCd 0 0.0 3.7352609634399414
CdCd 0 0.0 3.7352609634399414
CdCd 0 0.0 3.7352609634399414
CdCd 0 0.0 3.7352609634399414
CdCd 0 0.0 3.7352609634399414
CdCd 0 0.0 inf
CdCd 1 3.7352609634399414 5.282456874847412
CdCd 1 3.7352609634399414 5.282456874847412
CdCd 1 3.7352609634399414 5.282456874847412
CdCd 1 3.7352609634399414 5.282456874847412
CdCd 1 3.7352609634399414 5.282456874847412
CdCd 1 3.7352609634399414 5.282456874847412
CdCd 1 3.7352609634399414 5.282456874847412
CdCd 1 3.7352609634399414 5.282456874847412
CdCd 1 3.7352609634399414 5.282456874847412
CdCd 1 3.7352609634399414 5.282456874847412
CdCd 1 3.7352609634399414 5.282456874847412
CdCd 1 3.7352609634399414 5.282456874847412
CdCd 1 3.7352609634399414 5.282456874847412
CdCd 1 3.7352609634399414 5.282456874847412
CdCd 1 3.7352609634399414 5.282456874847412
CdCd 1 3.7352609634399414 5.282456874847412
CdCd 1 3.7352609634399414 5.282456874847412
CdCd 1 3.7352609634399414 5.282456874847412
CdCd 1 3.7352609634399414 5.282456874847412
CdCd 1 3.7352609634399414 5.282456874847412
CdCd 1 3.7352609634399414 5.282456874847412
CdCd 1 3.7352609634399414 5.282456874847412
CdCd 1 3.7352609634399414 5.282456874847412
CdCd 1 3.7352609634399414 5.282456874847412
CdCd 1 3.7352609634399414 5.282456874847412
CdCd 1 3.7352609634399414 5.282456874847412
CdCd 1 3.7352609634399414 5.282456874847412
CdCd 1 3.7352609634399414 5.282456874847412
