UU 0 0.0 3.7297959327697754
UU 0 0.0 3.7297959327697754
UU 0 0.0 3.7297959327697754
UU 0 0.0 3.7297959327697754
UU 0 0.0 3.7297959327697754
UU 0 0.0 3.7297959327697754
UU 0 0.0 3.7297959327697754
UU 0 0.0 3.7297959327697754
UU 0 0.0 3.7297959327697754
UU 0 0.0 3.7297959327697754
UU 0 0.0 3.7297959327697754
UU 0 0.0 3.7297959327697754
UU 0 0.0 3.7297959327697754
UU 0 0.0 3.7297959327697754
UU 0 0.0 3.7297959327697754
UU 0 0.0 3.7297959327697754
UU 0 0.0 3.7297959327697754
UU 0 0.0 3.7297959327697754
UU 0 0.0 3.7297959327697754
UU 0 0.0 3.7297959327697754
UU 0 0.0 3.7297959327697754
UU 0 0.0 3.7297959327697754
UU 0 0.0 3.7297959327697754
UU 0 0.0 3.7297959327697754
UU 0 0.0 3.7297959327697754
UU 0 0.0 3.7297959327697754
UU 0 0.0 3.7297959327697754
UU 0 0.0 3.7297959327697754
UU 0 0.0 3.7297959327697754
UU 0 0.0 3.7297959327697754
UU 0 0.0 3.7297959327697754
UU 0 0.0 3.7297959327697754
UU 0 0.0 inf
UU 1 3.7297959327697754 5.274728298187256
UU 1 3.7297959327697754 5.274728298187256
UU 1 3.7297959327697754 5.274728298187256
UU 1 3.7297959327697754 5.274728298187256
UU 1 3.7297959327697754 5.274728298187256
UU 1 3.7297959327697754 5.274728298187256
UU 1 3.7297959327697754 5.274728298187256
UU 1 3.7297959327697754 5.274728298187256
UU 1 3.7297959327697754 5.274728298187256
UU 1 3.7297959327697754 5.274728298187256
UU 1 3.7297959327697754 5.274728298187256
UU 1 3.7297959327697754 5.274728298187256
UU 1 3.7297959327697754 5.274728298187256
UU 1 3.7297959327697754 5.274728298187256
UU 1 3.7297959327697754 5.274728298187256
UU 1 3.7297959327697754 5.274728298187256
UU 1 3.7297959327697754 5.274728298187256
UU 1 3.7297959327697754 5.274728298187256
UU 1 3.7297959327697754 5.274728298187256
UU 1 3.7297959327697754 5.274728298187256
UU 1 3.7297959327697754 5.274728298187256
UU 1 3.7297959327697754 5.274728298187256
UU 1 3.7297959327697754 5.274728298187256
UU 1 3.7297959327697754 5.274728298187256
UU 1 3.7297959327697754 5.274728298187256
UU 1 3.7297959327697754 5.274728298187256
UU 1 3.7297959327697754 5.274728298187256
UU 1 3.7297959327697754 5.274728298187256
USb 0 0.0 0.8727854490280151
USb 0 0.0 0.8727854490280151
USb 0 0.0 0.8727854490280151
USb 0 0.0 0.8727854490280151
USb 0 0.0 0.8727854490280151
USb 0 0.0 0.8727854490280151
USb 0 0.0 0.8727854490280151
USb 0 0.0 0.8727854490280151
USb 0 0.0 0.8727854490280151
USb 0 0.0 0.8727854490280151
USb 0 0.0 0.8727854490280151
USb 0 0.0 0.8727854490280151
USb 0 0.0 0.8727854490280151
USb 0 0.0 0.8727854490280151
USb 0 0.0 0.8727854490280151
USb 0 0.0 0.8727854490280151
USb 0 0.0 0.8727854490280151
USb 0 0.0 0.8727854490280151
USb 0 0.0 0.8727854490280151
USb 0 0.0 0.8727854490280151
USb 0 0.0 0.8727854490280151
USb 0 0.0 0.8727854490280151
USb 0 0.0 0.8727854490280151
USb 0 0.0 0.8727854490280151
USb 0 0.0 0.8727854490280151
USb 0 0.0 0.8727854490280151
USb 0 0.0 0.8727854490280151
USb 0 0.0 0.8727854490280151
USb 0 0.0 0.8727854490280151
USb 0 0.0 0.8727854490280151
USb 0 0.0 0.8727854490280151
USb 0 0.0 0.8727854490280151
USb 0 0.0 0.8727854490280151
USb 0 0.0 3.3036680221557617
USb 0 0.0 3.3036680221557617
USb 0 0.0 3.3036680221557617
USb 0 0.0 3.3036680221557617
USb 0 0.0 3.3036680221557617
USb 0 0.0 3.3036680221557617
USb 0 0.0 3.3036680221557617
USb 0 0.0 3.3036680221557617
USb 0 0.0 3.3036680221557617
USb 0 0.0 3.3036680221557617
USb 0 0.0 3.3036680221557617
USb 0 0.0 3.3036680221557617
USb 0 0.0 3.3036680221557617
USb 0 0.0 3.3036680221557617
USb 0 0.0 3.3036680221557617
USb 0 0.0 3.3036680221557617
USb 0 0.0 3.3036680221557617
USb 0 0.0 3.3036680221557617
USb 0 0.0 3.3036680221557617
USb 0 0.0 3.3036680221557617
USb 0 0.0 3.3036680221557617
USb 0 0.0 3.3036680221557617
USb 0 0.0 3.3036680221557617
USb 0 0.0 3.3036680221557617
USb 0 0.0 3.3036680221557617
USb 0 0.0 3.3036680221557617
USb 0 0.0 3.3036680221557617
USb 0 0.0 3.3036680221557617
USb 0 0.0 3.3036680221557617
USb 0 0.0 3.3036680221557617
USb 0 0.0 3.3036680221557617
USb 0 0.0 3.3036680221557617
USb 0 0.0 3.3036680221557617
USb 0 0.0 3.3036680221557617
USb 0 0.0 3.3036680221557617
USb 0 0.0 3.3036680221557617
USb 0 0.0 3.3036680221557617
USb 0 0.0 3.3036680221557617
USb 0 0.0 inf
USb 1 3.3036680221557617 4.589846611022949
USb 1 3.3036680221557617 4.589846611022949
USb 1 3.3036680221557617 4.589846611022949
USb 1 3.3036680221557617 4.589846611022949
USb 1 3.3036680221557617 4.589846611022949
USb 1 3.3036680221557617 4.589846611022949
USb 1 3.3036680221557617 4.589846611022949
USb 1 3.3036680221557617 4.589846611022949
USb 1 3.3036680221557617 4.589846611022949
USb 1 3.3036680221557617 4.589846611022949
USb 1 3.3036680221557617 4.589846611022949
USb 1 3.3036680221557617 4.589846611022949
USb 1 3.3036680221557617 4.589846611022949
USb 1 3.3036680221557617 4.589846611022949
USb 1 3.3036680221557617 4.589846611022949
USb 1 3.3036680221557617 4.589846611022949
USb 1 3.3036680221557617 4.589846611022949
USb 1 3.3036680221557617 4.589846611022949
USb 1 3.3036680221557617 4.589846611022949
USb 1 3.3036680221557617 4.589846611022949
USb 1 3.3036680221557617 4.589846611022949
USb 1 3.3036680221557617 4.589846611022949
USb 1 3.3036680221557617 4.589846611022949
USb 1 3.3036680221557617 4.589846611022949
USb 1 3.3036680221557617 4.589846611022949
USb 1 3.3036680221557617 4.589846611022949
USb 1 3.3036680221557617 4.589846611022949
USb 1 3.3036680221557617 4.589846611022949
USb 1 3.3036680221557617 4.589846611022949
USb 1 3.3036680221557617 4.589846611022949
USb 1 3.3036680221557617 4.589846611022949
USb 1 3.3036680221557617 4.589846611022949
USb 1 3.3036680221557617 4.589846611022949
USb 1 3.3036680221557617 4.589846611022949
USb 2 4.589846611022949 5.274728298187256
USb 2 4.589846611022949 5.274728298187256
USb 2 4.589846611022949 5.274728298187256
USb 2 4.589846611022949 5.274728298187256
USb 2 4.589846611022949 5.274728298187256
USb 2 4.589846611022949 5.274728298187256
USb 2 4.589846611022949 5.274728298187256
USb 2 4.589846611022949 5.274728298187256
SbU 0 0.0 0.8727854490280151
SbU 0 0.0 0.8727854490280151
SbU 0 0.0 0.8727854490280151
SbU 0 0.0 0.8727854490280151
SbU 0 0.0 0.8727854490280151
SbU 0 0.0 0.8727854490280151
SbU 0 0.0 0.8727854490280151
SbU 0 0.0 0.8727854490280151
SbU 0 0.0 0.8727854490280151
SbU 0 0.0 0.8727854490280151
SbU 0 0.0 0.8727854490280151
SbU 0 0.0 0.8727854490280151
SbU 0 0.0 0.8727854490280151
SbU 0 0.0 0.8727854490280151
SbU 0 0.0 0.8727854490280151
SbU 0 0.0 0.8727854490280151
SbU 0 0.0 0.8727854490280151
SbU 0 0.0 0.8727854490280151
SbU 0 0.0 0.8727854490280151
SbU 0 0.0 0.8727854490280151
SbU 0 0.0 0.8727854490280151
SbU 0 0.0 0.8727854490280151
SbU 0 0.0 0.8727854490280151
SbU 0 0.0 0.8727854490280151
SbU 0 0.0 0.8727854490280151
SbU 0 0.0 0.8727854490280151
SbU 0 0.0 0.8727854490280151
SbU 0 0.0 0.8727854490280151
SbU 0 0.0 0.8727854490280151
SbU 0 0.0 0.8727854490280151
SbU 0 0.0 3.3036680221557617
SbU 0 0.0 3.3036680221557617
SbU 0 0.0 3.3036680221557617
SbU 0 0.0 3.3036680221557617
SbU 0 0.0 3.3036680221557617
SbU 0 0.0 3.3036680221557617
SbU 0 0.0 3.3036680221557617
SbU 0 0.0 3.3036680221557617
SbU 0 0.0 3.3036680221557617
SbU 0 0.0 3.3036680221557617
SbU 0 0.0 3.3036680221557617
SbU 0 0.0 3.3036680221557617
SbU 0 0.0 3.3036680221557617
SbU 0 0.0 3.3036680221557617
SbU 0 0.0 3.3036680221557617
SbU 0 0.0 3.3036680221557617
SbU 0 0.0 3.3036680221557617
SbU 0 0.0 3.3036680221557617
SbU 0 0.0 3.3036680221557617
SbU 0 0.0 3.3036680221557617
SbU 0 0.0 3.3036680221557617
SbU 0 0.0 3.3036680221557617
SbU 0 0.0 3.3036680221557617
SbU 0 0.0 3.3036680221557617
SbU 0 0.0 3.3036680221557617
SbU 0 0.0 3.3036680221557617
SbU 0 0.0 3.3036680221557617
SbU 0 0.0 3.3036680221557617
SbU 0 0.0 3.3036680221557617
SbU 0 0.0 3.3036680221557617
SbU 0 0.0 3.3036680221557617
SbU 0 0.0 3.3036680221557617
SbU 0 0.0 3.3036680221557617
SbU 0 0.0 3.3036680221557617
SbU 0 0.0 3.3036680221557617
SbU 0 0.0 3.3036680221557617
SbU 0 0.0 3.3036680221557617
SbU 0 0.0 3.3036680221557617
SbU 0 0.0 inf
SbU 1 3.3036680221557617 4.589846611022949
SbU 1 3.3036680221557617 4.589846611022949
SbU 1 3.3036680221557617 4.589846611022949
SbU 1 3.3036680221557617 4.589846611022949
SbU 1 3.3036680221557617 4.589846611022949
SbU 1 3.3036680221557617 4.589846611022949
SbU 1 3.3036680221557617 4.589846611022949
SbU 1 3.3036680221557617 4.589846611022949
SbU 1 3.3036680221557617 4.589846611022949
SbU 1 3.3036680221557617 4.589846611022949
SbU 1 3.3036680221557617 4.589846611022949
SbU 1 3.3036680221557617 4.589846611022949
SbU 1 3.3036680221557617 4.589846611022949
SbU 1 3.3036680221557617 4.589846611022949
SbU 1 3.3036680221557617 4.589846611022949
SbU 1 3.3036680221557617 4.589846611022949
SbU 1 3.3036680221557617 4.589846611022949
SbU 1 3.3036680221557617 4.589846611022949
SbU 1 3.3036680221557617 4.589846611022949
SbU 1 3.3036680221557617 4.589846611022949
SbU 1 3.3036680221557617 4.589846611022949
SbU 1 3.3036680221557617 4.589846611022949
SbU 1 3.3036680221557617 4.589846611022949
SbU 1 3.3036680221557617 4.589846611022949
SbU 1 3.3036680221557617 4.589846611022949
SbU 1 3.3036680221557617 4.589846611022949
SbU 1 3.3036680221557617 4.589846611022949
SbU 1 3.3036680221557617 4.589846611022949
SbU 1 3.3036680221557617 4.589846611022949
SbU 1 3.3036680221557617 4.589846611022949
SbU 1 3.3036680221557617 4.589846611022949
SbU 1 3.3036680221557617 4.589846611022949
SbU 1 3.3036680221557617 4.589846611022949
SbU 1 3.3036680221557617 4.589846611022949
SbU 2 4.589846611022949 5.274728298187256
SbU 2 4.589846611022949 5.274728298187256
SbU 2 4.589846611022949 5.274728298187256
SbU 2 4.589846611022949 5.274728298187256
SbU 2 4.589846611022949 5.274728298187256
SbU 2 4.589846611022949 5.274728298187256
SbU 2 4.589846611022949 5.274728298187256
SbU 2 4.589846611022949 5.274728298187256
SbSb 0 0.0 3.7297959327697754
SbSb 0 0.0 3.7297959327697754
SbSb 0 0.0 3.7297959327697754
SbSb 0 0.0 3.7297959327697754
SbSb 0 0.0 3.7297959327697754
SbSb 0 0.0 3.7297959327697754
SbSb 0 0.0 3.7297959327697754
SbSb 0 0.0 3.7297959327697754
SbSb 0 0.0 3.7297959327697754
SbSb 0 0.0 3.7297959327697754
SbSb 0 0.0 3.7297959327697754
SbSb 0 0.0 3.7297959327697754
SbSb 0 0.0 3.7297959327697754
SbSb 0 0.0 3.7297959327697754
SbSb 0 0.0 3.7297959327697754
SbSb 0 0.0 3.7297959327697754
SbSb 0 0.0 3.7297959327697754
SbSb 0 0.0 3.7297959327697754
SbSb 0 0.0 3.7297959327697754
SbSb 0 0.0 3.7297959327697754
SbSb 0 0.0 3.7297959327697754
SbSb 0 0.0 3.7297959327697754
SbSb 0 0.0 3.7297959327697754
SbSb 0 0.0 3.7297959327697754
SbSb 0 0.0 3.7297959327697754
SbSb 0 0.0 3.7297959327697754
SbSb 0 0.0 3.7297959327697754
SbSb 0 0.0 3.7297959327697754
SbSb 0 0.0 3.7297959327697754
SbSb 0 0.0 3.7297959327697754
SbSb 0 0.0 3.7297959327697754
SbSb 0 0.0 3.7297959327697754
SbSb 0 0.0 inf
SbSb 1 3.7297959327697754 5.274728298187256
SbSb 1 3.7297959327697754 5.274728298187256
SbSb 1 3.7297959327697754 5.274728298187256
SbSb 1 3.7297959327697754 5.274728298187256
SbSb 1 3.7297959327697754 5.274728298187256
SbSb 1 3.7297959327697754 5.274728298187256
SbSb 1 3.7297959327697754 5.274728298187256
SbSb 1 3.7297959327697754 5.274728298187256
SbSb 1 3.7297959327697754 5.274728298187256
SbSb 1 3.7297959327697754 5.274728298187256
SbSb 1 3.7297959327697754 5.274728298187256
SbSb 1 3.7297959327697754 5.274728298187256
SbSb 1 3.7297959327697754 5.274728298187256
SbSb 1 3.7297959327697754 5.274728298187256
SbSb 1 3.7297959327697754 5.274728298187256
SbSb 1 3.7297959327697754 5.274728298187256
SbSb 1 3.7297959327697754 5.274728298187256
SbSb 1 3.7297959327697754 5.274728298187256
SbSb 1 3.7297959327697754 5.274728298187256
SbSb 1 3.7297959327697754 5.274728298187256
SbSb 1 3.7297959327697754 5.274728298187256
SbSb 1 3.7297959327697754 5.274728298187256
SbSb 1 3.7297959327697754 5.274728298187256
SbSb 1 3.7297959327697754 5.274728298187256
SbSb 1 3.7297959327697754 5.274728298187256
SbSb 1 3.7297959327697754 5.274728298187256
SbSb 1 3.7297959327697754 5.274728298187256
SbSb 1 3.7297959327697754 5.274728298187256
